0 1 3 0
0 1 12 1
0 1 31 1
0 1 38 1
0 1 39 0
0 1 48 1
0 1 52 0
0 2 1 0
0 2 14 0
0 2 29 0
0 4 21 1
0 4 40 1
0 4 47 1
0 4 57 1
1 0 31 1
1 1 14 0
1 1 16 0
1 1 27 0
1 1 30 1
1 1 40 1
1 1 52 0
1 2 7 0
1 2 22 0
1 2 58 0
1 2 61 0
1 3 3 0
1 3 16 0
1 3 29 0
1 3 54 0
1 3 57 0
1 4 12 1
1 4 22 1
1 4 27 1
1 4 37 1
2 0 34 1
2 1 5 0
2 1 33 0
2 1 52 0
2 1 59 0
2 3 5 0
2 3 33 0
2 3 52 0
2 3 59 0
2 4 8 1
3 0 4 1
3 0 40 1
3 0 53 1
3 1 23 0
3 1 33 0
3 1 38 0
3 1 48 0
3 2 7 0
3 3 53 0
3 3 63 0
3 4 19 1
3 4 32 1
3 4 47 1
4 0 5 1
4 0 41 1
4 0 44 1
4 0 54 1
4 1 15 1
4 1 18 1
4 1 28 1
4 1 41 1
4 1 49 0
4 1 54 1
4 2 57 0
4 4 18 1
4 4 44 1
4 4 46 1
4 4 57 1