11 3 130 323 450 643 770 963 1027 1090 1283 1410 0
11 4 197 261 324 517 644 837 964 1157 1284 1477 1
11 12 139 332 459 652 779 972 1099 1292 1356 1419 1
11 14 141 334 398 461 654 781 974 1101 1294 1421 0
11 16 143 336 400 463 656 783 976 1103 1296 1423 0
11 17 210 337 530 594 657 850 977 1170 1297 1490 1
11 22 149 342 469 662 726 789 982 1109 1302 1429 0
10 27 347 411 667 794 987 1114 1307 1434 1610 0
11 29 156 349 476 669 796 989 1053 1116 1309 1436 0
11 30 157 350 414 477 670 797 990 1117 1310 1437 1
11 31 95 158 351 478 671 798 991 1118 1311 1438 1
11 37 164 357 484 677 804 997 1124 1317 1381 1444 1
11 40 167 360 424 487 680 807 1000 1127 1320 1447 1
11 43 236 300 363 556 683 876 1003 1196 1323 1516 1
10 45 238 558 878 1005 1198 1325 1518 1582 1605 1
11 48 241 368 561 625 688 881 1008 1201 1328 1521 0
11 52 179 372 436 499 692 819 1012 1139 1332 1459 0
11 53 246 310 373 566 693 886 1013 1206 1333 1526 1
11 54 181 374 501 694 821 1014 1078 1141 1334 1461 0
11 56 249 376 569 696 889 953 1016 1209 1336 1529 0
11 57 184 377 504 697 824 1017 1081 1144 1337 1464 0
11 61 188 381 508 701 765 828 1021 1148 1341 1468 0
11 66 259 323 386 579 706 899 1026 1219 1346 1539 0
11 69 196 389 453 516 709 836 1029 1156 1349 1476 0
11 72 199 392 519 712 839 1032 1159 1352 1416 1479 1
10 75 332 395 715 908 1035 1228 1355 1548 1614 1
11 77 270 397 590 654 717 910 1037 1230 1357 1550 0
11 84 277 404 597 724 917 1044 1237 1301 1364 1557 1
11 92 285 412 605 669 732 925 1052 1245 1372 1565 0
11 94 287 351 414 607 734 927 1054 1247 1374 1567 1
11 97 224 417 481 544 737 864 1057 1184 1377 1504 0
11 98 162 225 418 545 738 865 1058 1185 1378 1505 1
11 101 294 358 421 614 741 934 1061 1254 1381 1574 1
11 103 296 423 616 743 936 1063 1256 1320 1383 1576 1
11 110 303 430 623 750 943 1070 1263 1327 1390 1583 1
10 111 368 431 751 944 1071 1264 1391 1584 1615 1
11 115 308 372 435 628 755 948 1075 1268 1395 1588 0
11 116 243 436 500 563 756 883 1076 1203 1396 1523 0
11 120 313 440 633 760 953 1080 1273 1337 1400 1593 1
11 123 250 443 570 763 890 1083 1147 1210 1403 1530 0
11 132 196 259 452 579 772 899 1092 1219 1412 1539 1
10 134 327 454 711 774 967 1094 1287 1414 1600 0
11 135 262 455 582 775 839 902 1095 1222 1415 1542 0
12 141 207 398 461 527 591 781 847 1101 1167 1421 1487 1
11 147 274 467 594 787 914 1107 1234 1427 1491 1554 1
11 151 278 471 535 598 791 918 1111 1238 1431 1558 0
11 160 287 480 607 800 927 1120 1247 1440 1504 1567 1
11 161 288 481 545 608 801 928 1121 1248 1441 1568 0
11 166 293 486 550 613 806 933 1126 1253 1446 1573 0
11 167 297 424 487 807 873 1127 1193 1447 1513 1613 0
11 168 232 295 488 615 808 935 1128 1255 1448 1575 1
11 175 302 495 622 815 942 1135 1262 1455 1519 1582 1
11 176 303 496 560 623 816 943 1136 1263 1456 1583 0
11 181 245 308 501 628 821 948 1141 1268 1461 1588 1
10 185 378 505 762 825 1018 1145 1338 1465 1602 0
11 191 318 511 638 831 958 1151 1215 1278 1471 1598 0
11 220 411 540 604 794 860 1114 1180 1434 1500 1610 1
2 245 1205 1
10 257 384 577 641 897 1024 1217 1344 1537 1606 0
10 295 359 422 615 935 1062 1255 1382 1575 1608 0
2 297 617 0
2 300 1580 0
2 310 630 0
2 400 1040 0
2 411 1371 1
2 453 1093 0
2 481 1121 0
2 500 1140 0
2 507 1147 0
2 594 1554 0
2 726 1366 1
2 953 1593 1
