0 127 256 447 576 767 896 1087 1216 1407 1536 
1 64 257 384 577 704 897 1024 1217 1344 1537 
2 65 258 385 578 705 898 1025 1218 1345 1538 
3 66 259 386 579 706 899 1026 1219 1346 1539 
4 67 260 387 580 707 900 1027 1220 1347 1540 
5 68 261 388 581 708 901 1028 1221 1348 1541 
6 69 262 389 582 709 902 1029 1222 1349 1542 
7 70 263 390 583 710 903 1030 1223 1350 1543 
8 71 264 391 584 711 904 1031 1224 1351 1544 
9 72 265 392 585 712 905 1032 1225 1352 1545 
10 73 266 393 586 713 906 1033 1226 1353 1546 
11 74 267 394 587 714 907 1034 1227 1354 1547 
12 75 268 395 588 715 908 1035 1228 1355 1548 
13 76 269 396 589 716 909 1036 1229 1356 1549 
14 77 270 397 590 717 910 1037 1230 1357 1550 
15 78 271 398 591 718 911 1038 1231 1358 1551 
16 79 272 399 592 719 912 1039 1232 1359 1552 
17 80 273 400 593 720 913 1040 1233 1360 1553 
18 81 274 401 594 721 914 1041 1234 1361 1554 
19 82 275 402 595 722 915 1042 1235 1362 1555 
20 83 276 403 596 723 916 1043 1236 1363 1556 
21 84 277 404 597 724 917 1044 1237 1364 1557 
22 85 278 405 598 725 918 1045 1238 1365 1558 
23 86 279 406 599 726 919 1046 1239 1366 1559 
24 87 280 407 600 727 920 1047 1240 1367 1560 
25 88 281 408 601 728 921 1048 1241 1368 1561 
26 89 282 409 602 729 922 1049 1242 1369 1562 
27 90 283 410 603 730 923 1050 1243 1370 1563 
28 91 284 411 604 731 924 1051 1244 1371 1564 
29 92 285 412 605 732 925 1052 1245 1372 1565 
30 93 286 413 606 733 926 1053 1246 1373 1566 
31 94 287 414 607 734 927 1054 1247 1374 1567 
32 95 288 415 608 735 928 1055 1248 1375 1568 
33 96 289 416 609 736 929 1056 1249 1376 1569 
34 97 290 417 610 737 930 1057 1250 1377 1570 
35 98 291 418 611 738 931 1058 1251 1378 1571 
36 99 292 419 612 739 932 1059 1252 1379 1572 
37 100 293 420 613 740 933 1060 1253 1380 1573 
38 101 294 421 614 741 934 1061 1254 1381 1574 
39 102 295 422 615 742 935 1062 1255 1382 1575 
40 103 296 423 616 743 936 1063 1256 1383 1576 
41 104 297 424 617 744 937 1064 1257 1384 1577 
42 105 298 425 618 745 938 1065 1258 1385 1578 
43 106 299 426 619 746 939 1066 1259 1386 1579 
44 107 300 427 620 747 940 1067 1260 1387 1580 
45 108 301 428 621 748 941 1068 1261 1388 1581 
46 109 302 429 622 749 942 1069 1262 1389 1582 
47 110 303 430 623 750 943 1070 1263 1390 1583 
48 111 304 431 624 751 944 1071 1264 1391 1584 
49 112 305 432 625 752 945 1072 1265 1392 1585 
50 113 306 433 626 753 946 1073 1266 1393 1586 
51 114 307 434 627 754 947 1074 1267 1394 1587 
52 115 308 435 628 755 948 1075 1268 1395 1588 
53 116 309 436 629 756 949 1076 1269 1396 1589 
54 117 310 437 630 757 950 1077 1270 1397 1590 
55 118 311 438 631 758 951 1078 1271 1398 1591 
56 119 312 439 632 759 952 1079 1272 1399 1592 
57 120 313 440 633 760 953 1080 1273 1400 1593 
58 121 314 441 634 761 954 1081 1274 1401 1594 
59 122 315 442 635 762 955 1082 1275 1402 1595 
60 123 316 443 636 763 956 1083 1276 1403 1596 
61 124 317 444 637 764 957 1084 1277 1404 1597 
62 125 318 445 638 765 958 1085 1278 1405 1598 
63 126 319 446 639 766 959 1086 1279 1406 1599 
20 147 340 404 467 660 787 980 1107 1300 1427 
21 148 341 405 468 661 788 981 1108 1301 1428 
22 149 342 406 469 662 789 982 1109 1302 1429 
23 150 343 407 470 663 790 983 1110 1303 1430 
24 151 344 408 471 664 791 984 1111 1304 1431 
25 152 345 409 472 665 792 985 1112 1305 1432 
26 153 346 410 473 666 793 986 1113 1306 1433 
27 154 347 411 474 667 794 987 1114 1307 1434 
28 155 348 412 475 668 795 988 1115 1308 1435 
29 156 349 413 476 669 796 989 1116 1309 1436 
30 157 350 414 477 670 797 990 1117 1310 1437 
31 158 351 415 478 671 798 991 1118 1311 1438 
32 159 352 416 479 672 799 992 1119 1312 1439 
33 160 353 417 480 673 800 993 1120 1313 1440 
34 161 354 418 481 674 801 994 1121 1314 1441 
35 162 355 419 482 675 802 995 1122 1315 1442 
36 163 356 420 483 676 803 996 1123 1316 1443 
37 164 357 421 484 677 804 997 1124 1317 1444 
38 165 358 422 485 678 805 998 1125 1318 1445 
39 166 359 423 486 679 806 999 1126 1319 1446 
40 167 360 424 487 680 807 1000 1127 1320 1447 
41 168 361 425 488 681 808 1001 1128 1321 1448 
42 169 362 426 489 682 809 1002 1129 1322 1449 
43 170 363 427 490 683 810 1003 1130 1323 1450 
44 171 364 428 491 684 811 1004 1131 1324 1451 
45 172 365 429 492 685 812 1005 1132 1325 1452 
46 173 366 430 493 686 813 1006 1133 1326 1453 
47 174 367 431 494 687 814 1007 1134 1327 1454 
48 175 368 432 495 688 815 1008 1135 1328 1455 
49 176 369 433 496 689 816 1009 1136 1329 1456 
50 177 370 434 497 690 817 1010 1137 1330 1457 
51 178 371 435 498 691 818 1011 1138 1331 1458 
52 179 372 436 499 692 819 1012 1139 1332 1459 
53 180 373 437 500 693 820 1013 1140 1333 1460 
54 181 374 438 501 694 821 1014 1141 1334 1461 
55 182 375 439 502 695 822 1015 1142 1335 1462 
56 183 376 440 503 696 823 1016 1143 1336 1463 
57 184 377 441 504 697 824 1017 1144 1337 1464 
58 185 378 442 505 698 825 1018 1145 1338 1465 
59 186 379 443 506 699 826 1019 1146 1339 1466 
60 187 380 444 507 700 827 1020 1147 1340 1467 
61 188 381 445 508 701 828 1021 1148 1341 1468 
62 189 382 446 509 702 829 1022 1149 1342 1469 
63 190 383 447 510 703 830 1023 1150 1343 1470 
0 191 320 384 511 640 831 960 1151 1280 1471 
1 128 321 385 448 641 768 961 1088 1281 1408 
2 129 322 386 449 642 769 962 1089 1282 1409 
3 130 323 387 450 643 770 963 1090 1283 1410 
4 131 324 388 451 644 771 964 1091 1284 1411 
5 132 325 389 452 645 772 965 1092 1285 1412 
6 133 326 390 453 646 773 966 1093 1286 1413 
7 134 327 391 454 647 774 967 1094 1287 1414 
8 135 328 392 455 648 775 968 1095 1288 1415 
9 136 329 393 456 649 776 969 1096 1289 1416 
10 137 330 394 457 650 777 970 1097 1290 1417 
11 138 331 395 458 651 778 971 1098 1291 1418 
12 139 332 396 459 652 779 972 1099 1292 1419 
13 140 333 397 460 653 780 973 1100 1293 1420 
14 141 334 398 461 654 781 974 1101 1294 1421 
15 142 335 399 462 655 782 975 1102 1295 1422 
16 143 336 400 463 656 783 976 1103 1296 1423 
17 144 337 401 464 657 784 977 1104 1297 1424 
18 145 338 402 465 658 785 978 1105 1298 1425 
19 146 339 403 466 659 786 979 1106 1299 1426 
85 212 405 532 725 789 852 1045 1172 1365 1492 
86 213 406 533 726 790 853 1046 1173 1366 1493 
87 214 407 534 727 791 854 1047 1174 1367 1494 
88 215 408 535 728 792 855 1048 1175 1368 1495 
89 216 409 536 729 793 856 1049 1176 1369 1496 
90 217 410 537 730 794 857 1050 1177 1370 1497 
91 218 411 538 731 795 858 1051 1178 1371 1498 
92 219 412 539 732 796 859 1052 1179 1372 1499 
93 220 413 540 733 797 860 1053 1180 1373 1500 
94 221 414 541 734 798 861 1054 1181 1374 1501 
95 222 415 542 735 799 862 1055 1182 1375 1502 
96 223 416 543 736 800 863 1056 1183 1376 1503 
97 224 417 544 737 801 864 1057 1184 1377 1504 
98 225 418 545 738 802 865 1058 1185 1378 1505 
99 226 419 546 739 803 866 1059 1186 1379 1506 
100 227 420 547 740 804 867 1060 1187 1380 1507 
101 228 421 548 741 805 868 1061 1188 1381 1508 
102 229 422 549 742 806 869 1062 1189 1382 1509 
103 230 423 550 743 807 870 1063 1190 1383 1510 
104 231 424 551 744 808 871 1064 1191 1384 1511 
105 232 425 552 745 809 872 1065 1192 1385 1512 
106 233 426 553 746 810 873 1066 1193 1386 1513 
107 234 427 554 747 811 874 1067 1194 1387 1514 
108 235 428 555 748 812 875 1068 1195 1388 1515 
109 236 429 556 749 813 876 1069 1196 1389 1516 
110 237 430 557 750 814 877 1070 1197 1390 1517 
111 238 431 558 751 815 878 1071 1198 1391 1518 
112 239 432 559 752 816 879 1072 1199 1392 1519 
113 240 433 560 753 817 880 1073 1200 1393 1520 
114 241 434 561 754 818 881 1074 1201 1394 1521 
115 242 435 562 755 819 882 1075 1202 1395 1522 
116 243 436 563 756 820 883 1076 1203 1396 1523 
117 244 437 564 757 821 884 1077 1204 1397 1524 
118 245 438 565 758 822 885 1078 1205 1398 1525 
119 246 439 566 759 823 886 1079 1206 1399 1526 
120 247 440 567 760 824 887 1080 1207 1400 1527 
121 248 441 568 761 825 888 1081 1208 1401 1528 
122 249 442 569 762 826 889 1082 1209 1402 1529 
123 250 443 570 763 827 890 1083 1210 1403 1530 
124 251 444 571 764 828 891 1084 1211 1404 1531 
125 252 445 572 765 829 892 1085 1212 1405 1532 
126 253 446 573 766 830 893 1086 1213 1406 1533 
127 254 447 574 767 831 894 1087 1214 1407 1534 
64 255 384 575 704 768 895 1024 1215 1344 1535 
65 192 385 512 705 769 832 1025 1152 1345 1472 
66 193 386 513 706 770 833 1026 1153 1346 1473 
67 194 387 514 707 771 834 1027 1154 1347 1474 
68 195 388 515 708 772 835 1028 1155 1348 1475 
69 196 389 516 709 773 836 1029 1156 1349 1476 
70 197 390 517 710 774 837 1030 1157 1350 1477 
71 198 391 518 711 775 838 1031 1158 1351 1478 
72 199 392 519 712 776 839 1032 1159 1352 1479 
73 200 393 520 713 777 840 1033 1160 1353 1480 
74 201 394 521 714 778 841 1034 1161 1354 1481 
75 202 395 522 715 779 842 1035 1162 1355 1482 
76 203 396 523 716 780 843 1036 1163 1356 1483 
77 204 397 524 717 781 844 1037 1164 1357 1484 
78 205 398 525 718 782 845 1038 1165 1358 1485 
79 206 399 526 719 783 846 1039 1166 1359 1486 
80 207 400 527 720 784 847 1040 1167 1360 1487 
81 208 401 528 721 785 848 1041 1168 1361 1488 
82 209 402 529 722 786 849 1042 1169 1362 1489 
83 210 403 530 723 787 850 1043 1170 1363 1490 
84 211 404 531 724 788 851 1044 1171 1364 1491 
171 298 491 618 811 938 1131 1195 1258 1451 1578 
172 299 492 619 812 939 1132 1196 1259 1452 1579 
173 300 493 620 813 940 1133 1197 1260 1453 1580 
174 301 494 621 814 941 1134 1198 1261 1454 1581 
175 302 495 622 815 942 1135 1199 1262 1455 1582 
176 303 496 623 816 943 1136 1200 1263 1456 1583 
177 304 497 624 817 944 1137 1201 1264 1457 1584 
178 305 498 625 818 945 1138 1202 1265 1458 1585 
179 306 499 626 819 946 1139 1203 1266 1459 1586 
180 307 500 627 820 947 1140 1204 1267 1460 1587 
181 308 501 628 821 948 1141 1205 1268 1461 1588 
182 309 502 629 822 949 1142 1206 1269 1462 1589 
183 310 503 630 823 950 1143 1207 1270 1463 1590 
184 311 504 631 824 951 1144 1208 1271 1464 1591 
185 312 505 632 825 952 1145 1209 1272 1465 1592 
186 313 506 633 826 953 1146 1210 1273 1466 1593 
187 314 507 634 827 954 1147 1211 1274 1467 1594 
188 315 508 635 828 955 1148 1212 1275 1468 1595 
189 316 509 636 829 956 1149 1213 1276 1469 1596 
190 317 510 637 830 957 1150 1214 1277 1470 1597 
191 318 511 638 831 958 1151 1215 1278 1471 1598 
128 319 448 639 768 959 1088 1152 1279 1408 1599 
129 256 449 576 769 896 1089 1153 1216 1409 1536 
130 257 450 577 770 897 1090 1154 1217 1410 1537 
131 258 451 578 771 898 1091 1155 1218 1411 1538 
132 259 452 579 772 899 1092 1156 1219 1412 1539 
133 260 453 580 773 900 1093 1157 1220 1413 1540 
134 261 454 581 774 901 1094 1158 1221 1414 1541 
135 262 455 582 775 902 1095 1159 1222 1415 1542 
136 263 456 583 776 903 1096 1160 1223 1416 1543 
137 264 457 584 777 904 1097 1161 1224 1417 1544 
138 265 458 585 778 905 1098 1162 1225 1418 1545 
139 266 459 586 779 906 1099 1163 1226 1419 1546 
140 267 460 587 780 907 1100 1164 1227 1420 1547 
141 268 461 588 781 908 1101 1165 1228 1421 1548 
142 269 462 589 782 909 1102 1166 1229 1422 1549 
143 270 463 590 783 910 1103 1167 1230 1423 1550 
144 271 464 591 784 911 1104 1168 1231 1424 1551 
145 272 465 592 785 912 1105 1169 1232 1425 1552 
146 273 466 593 786 913 1106 1170 1233 1426 1553 
147 274 467 594 787 914 1107 1171 1234 1427 1554 
148 275 468 595 788 915 1108 1172 1235 1428 1555 
149 276 469 596 789 916 1109 1173 1236 1429 1556 
150 277 470 597 790 917 1110 1174 1237 1430 1557 
151 278 471 598 791 918 1111 1175 1238 1431 1558 
152 279 472 599 792 919 1112 1176 1239 1432 1559 
153 280 473 600 793 920 1113 1177 1240 1433 1560 
154 281 474 601 794 921 1114 1178 1241 1434 1561 
155 282 475 602 795 922 1115 1179 1242 1435 1562 
156 283 476 603 796 923 1116 1180 1243 1436 1563 
157 284 477 604 797 924 1117 1181 1244 1437 1564 
158 285 478 605 798 925 1118 1182 1245 1438 1565 
159 286 479 606 799 926 1119 1183 1246 1439 1566 
160 287 480 607 800 927 1120 1184 1247 1440 1567 
161 288 481 608 801 928 1121 1185 1248 1441 1568 
162 289 482 609 802 929 1122 1186 1249 1442 1569 
163 290 483 610 803 930 1123 1187 1250 1443 1570 
164 291 484 611 804 931 1124 1188 1251 1444 1571 
165 292 485 612 805 932 1125 1189 1252 1445 1572 
166 293 486 613 806 933 1126 1190 1253 1446 1573 
167 294 487 614 807 934 1127 1191 1254 1447 1574 
168 295 488 615 808 935 1128 1192 1255 1448 1575 
169 296 489 616 809 936 1129 1193 1256 1449 1576 
170 297 490 617 810 937 1130 1194 1257 1450 1577 
49 242 369 562 689 882 1009 1202 1329 1522 1586 
50 243 370 563 690 883 1010 1203 1330 1523 1587 
51 244 371 564 691 884 1011 1204 1331 1524 1588 
52 245 372 565 692 885 1012 1205 1332 1525 1589 
53 246 373 566 693 886 1013 1206 1333 1526 1590 
54 247 374 567 694 887 1014 1207 1334 1527 1591 
55 248 375 568 695 888 1015 1208 1335 1528 1592 
56 249 376 569 696 889 1016 1209 1336 1529 1593 
57 250 377 570 697 890 1017 1210 1337 1530 1594 
58 251 378 571 698 891 1018 1211 1338 1531 1595 
59 252 379 572 699 892 1019 1212 1339 1532 1596 
60 253 380 573 700 893 1020 1213 1340 1533 1597 
61 254 381 574 701 894 1021 1214 1341 1534 1598 
62 255 382 575 702 895 1022 1215 1342 1535 1599 
63 192 383 512 703 832 1023 1152 1343 1472 1536 
0 193 320 513 640 833 960 1153 1280 1473 1537 
1 194 321 514 641 834 961 1154 1281 1474 1538 
2 195 322 515 642 835 962 1155 1282 1475 1539 
3 196 323 516 643 836 963 1156 1283 1476 1540 
4 197 324 517 644 837 964 1157 1284 1477 1541 
5 198 325 518 645 838 965 1158 1285 1478 1542 
6 199 326 519 646 839 966 1159 1286 1479 1543 
7 200 327 520 647 840 967 1160 1287 1480 1544 
8 201 328 521 648 841 968 1161 1288 1481 1545 
9 202 329 522 649 842 969 1162 1289 1482 1546 
10 203 330 523 650 843 970 1163 1290 1483 1547 
11 204 331 524 651 844 971 1164 1291 1484 1548 
12 205 332 525 652 845 972 1165 1292 1485 1549 
13 206 333 526 653 846 973 1166 1293 1486 1550 
14 207 334 527 654 847 974 1167 1294 1487 1551 
15 208 335 528 655 848 975 1168 1295 1488 1552 
16 209 336 529 656 849 976 1169 1296 1489 1553 
17 210 337 530 657 850 977 1170 1297 1490 1554 
18 211 338 531 658 851 978 1171 1298 1491 1555 
19 212 339 532 659 852 979 1172 1299 1492 1556 
20 213 340 533 660 853 980 1173 1300 1493 1557 
21 214 341 534 661 854 981 1174 1301 1494 1558 
22 215 342 535 662 855 982 1175 1302 1495 1559 
23 216 343 536 663 856 983 1176 1303 1496 1560 
24 217 344 537 664 857 984 1177 1304 1497 1561 
25 218 345 538 665 858 985 1178 1305 1498 1562 
26 219 346 539 666 859 986 1179 1306 1499 1563 
27 220 347 540 667 860 987 1180 1307 1500 1564 
28 221 348 541 668 861 988 1181 1308 1501 1565 
29 222 349 542 669 862 989 1182 1309 1502 1566 
30 223 350 543 670 863 990 1183 1310 1503 1567 
31 224 351 544 671 864 991 1184 1311 1504 1568 
32 225 352 545 672 865 992 1185 1312 1505 1569 
33 226 353 546 673 866 993 1186 1313 1506 1570 
34 227 354 547 674 867 994 1187 1314 1507 1571 
35 228 355 548 675 868 995 1188 1315 1508 1572 
36 229 356 549 676 869 996 1189 1316 1509 1573 
37 230 357 550 677 870 997 1190 1317 1510 1574 
38 231 358 551 678 871 998 1191 1318 1511 1575 
39 232 359 552 679 872 999 1192 1319 1512 1576 
40 233 360 553 680 873 1000 1193 1320 1513 1577 
41 234 361 554 681 874 1001 1194 1321 1514 1578 
42 235 362 555 682 875 1002 1195 1322 1515 1579 
43 236 363 556 683 876 1003 1196 1323 1516 1580 
44 237 364 557 684 877 1004 1197 1324 1517 1581 
45 238 365 558 685 878 1005 1198 1325 1518 1582 
46 239 366 559 686 879 1006 1199 1326 1519 1583 
47 240 367 560 687 880 1007 1200 1327 1520 1584 
48 241 368 561 688 881 1008 1201 1328 1521 1585 
164 228 291 484 611 804 931 1124 1251 1444 1571 
165 229 292 485 612 805 932 1125 1252 1445 1572 
166 230 293 486 613 806 933 1126 1253 1446 1573 
167 231 294 487 614 807 934 1127 1254 1447 1574 
168 232 295 488 615 808 935 1128 1255 1448 1575 
169 233 296 489 616 809 936 1129 1256 1449 1576 
170 234 297 490 617 810 937 1130 1257 1450 1577 
171 235 298 491 618 811 938 1131 1258 1451 1578 
172 236 299 492 619 812 939 1132 1259 1452 1579 
173 237 300 493 620 813 940 1133 1260 1453 1580 
174 238 301 494 621 814 941 1134 1261 1454 1581 
175 239 302 495 622 815 942 1135 1262 1455 1582 
176 240 303 496 623 816 943 1136 1263 1456 1583 
177 241 304 497 624 817 944 1137 1264 1457 1584 
178 242 305 498 625 818 945 1138 1265 1458 1585 
179 243 306 499 626 819 946 1139 1266 1459 1586 
180 244 307 500 627 820 947 1140 1267 1460 1587 
181 245 308 501 628 821 948 1141 1268 1461 1588 
182 246 309 502 629 822 949 1142 1269 1462 1589 
183 247 310 503 630 823 950 1143 1270 1463 1590 
184 248 311 504 631 824 951 1144 1271 1464 1591 
185 249 312 505 632 825 952 1145 1272 1465 1592 
186 250 313 506 633 826 953 1146 1273 1466 1593 
187 251 314 507 634 827 954 1147 1274 1467 1594 
188 252 315 508 635 828 955 1148 1275 1468 1595 
189 253 316 509 636 829 956 1149 1276 1469 1596 
190 254 317 510 637 830 957 1150 1277 1470 1597 
191 255 318 511 638 831 958 1151 1278 1471 1598 
128 192 319 448 639 768 959 1088 1279 1408 1599 
129 193 256 449 576 769 896 1089 1216 1409 1536 
130 194 257 450 577 770 897 1090 1217 1410 1537 
131 195 258 451 578 771 898 1091 1218 1411 1538 
132 196 259 452 579 772 899 1092 1219 1412 1539 
133 197 260 453 580 773 900 1093 1220 1413 1540 
134 198 261 454 581 774 901 1094 1221 1414 1541 
135 199 262 455 582 775 902 1095 1222 1415 1542 
136 200 263 456 583 776 903 1096 1223 1416 1543 
137 201 264 457 584 777 904 1097 1224 1417 1544 
138 202 265 458 585 778 905 1098 1225 1418 1545 
139 203 266 459 586 779 906 1099 1226 1419 1546 
140 204 267 460 587 780 907 1100 1227 1420 1547 
141 205 268 461 588 781 908 1101 1228 1421 1548 
142 206 269 462 589 782 909 1102 1229 1422 1549 
143 207 270 463 590 783 910 1103 1230 1423 1550 
144 208 271 464 591 784 911 1104 1231 1424 1551 
145 209 272 465 592 785 912 1105 1232 1425 1552 
146 210 273 466 593 786 913 1106 1233 1426 1553 
147 211 274 467 594 787 914 1107 1234 1427 1554 
148 212 275 468 595 788 915 1108 1235 1428 1555 
149 213 276 469 596 789 916 1109 1236 1429 1556 
150 214 277 470 597 790 917 1110 1237 1430 1557 
151 215 278 471 598 791 918 1111 1238 1431 1558 
152 216 279 472 599 792 919 1112 1239 1432 1559 
153 217 280 473 600 793 920 1113 1240 1433 1560 
154 218 281 474 601 794 921 1114 1241 1434 1561 
155 219 282 475 602 795 922 1115 1242 1435 1562 
156 220 283 476 603 796 923 1116 1243 1436 1563 
157 221 284 477 604 797 924 1117 1244 1437 1564 
158 222 285 478 605 798 925 1118 1245 1438 1565 
159 223 286 479 606 799 926 1119 1246 1439 1566 
160 224 287 480 607 800 927 1120 1247 1440 1567 
161 225 288 481 608 801 928 1121 1248 1441 1568 
162 226 289 482 609 802 929 1122 1249 1442 1569 
163 227 290 483 610 803 930 1123 1250 1443 1570 
43 236 363 556 620 683 876 1003 1196 1323 1516 
44 237 364 557 621 684 877 1004 1197 1324 1517 
45 238 365 558 622 685 878 1005 1198 1325 1518 
46 239 366 559 623 686 879 1006 1199 1326 1519 
47 240 367 560 624 687 880 1007 1200 1327 1520 
48 241 368 561 625 688 881 1008 1201 1328 1521 
49 242 369 562 626 689 882 1009 1202 1329 1522 
50 243 370 563 627 690 883 1010 1203 1330 1523 
51 244 371 564 628 691 884 1011 1204 1331 1524 
52 245 372 565 629 692 885 1012 1205 1332 1525 
53 246 373 566 630 693 886 1013 1206 1333 1526 
54 247 374 567 631 694 887 1014 1207 1334 1527 
55 248 375 568 632 695 888 1015 1208 1335 1528 
56 249 376 569 633 696 889 1016 1209 1336 1529 
57 250 377 570 634 697 890 1017 1210 1337 1530 
58 251 378 571 635 698 891 1018 1211 1338 1531 
59 252 379 572 636 699 892 1019 1212 1339 1532 
60 253 380 573 637 700 893 1020 1213 1340 1533 
61 254 381 574 638 701 894 1021 1214 1341 1534 
62 255 382 575 639 702 895 1022 1215 1342 1535 
63 192 383 512 576 703 832 1023 1152 1343 1472 
0 193 320 513 577 640 833 960 1153 1280 1473 
1 194 321 514 578 641 834 961 1154 1281 1474 
2 195 322 515 579 642 835 962 1155 1282 1475 
3 196 323 516 580 643 836 963 1156 1283 1476 
4 197 324 517 581 644 837 964 1157 1284 1477 
5 198 325 518 582 645 838 965 1158 1285 1478 
6 199 326 519 583 646 839 966 1159 1286 1479 
7 200 327 520 584 647 840 967 1160 1287 1480 
8 201 328 521 585 648 841 968 1161 1288 1481 
9 202 329 522 586 649 842 969 1162 1289 1482 
10 203 330 523 587 650 843 970 1163 1290 1483 
11 204 331 524 588 651 844 971 1164 1291 1484 
12 205 332 525 589 652 845 972 1165 1292 1485 
13 206 333 526 590 653 846 973 1166 1293 1486 
14 207 334 527 591 654 847 974 1167 1294 1487 
15 208 335 528 592 655 848 975 1168 1295 1488 
16 209 336 529 593 656 849 976 1169 1296 1489 
17 210 337 530 594 657 850 977 1170 1297 1490 
18 211 338 531 595 658 851 978 1171 1298 1491 
19 212 339 532 596 659 852 979 1172 1299 1492 
20 213 340 533 597 660 853 980 1173 1300 1493 
21 214 341 534 598 661 854 981 1174 1301 1494 
22 215 342 535 599 662 855 982 1175 1302 1495 
23 216 343 536 600 663 856 983 1176 1303 1496 
24 217 344 537 601 664 857 984 1177 1304 1497 
25 218 345 538 602 665 858 985 1178 1305 1498 
26 219 346 539 603 666 859 986 1179 1306 1499 
27 220 347 540 604 667 860 987 1180 1307 1500 
28 221 348 541 605 668 861 988 1181 1308 1501 
29 222 349 542 606 669 862 989 1182 1309 1502 
30 223 350 543 607 670 863 990 1183 1310 1503 
31 224 351 544 608 671 864 991 1184 1311 1504 
32 225 352 545 609 672 865 992 1185 1312 1505 
33 226 353 546 610 673 866 993 1186 1313 1506 
34 227 354 547 611 674 867 994 1187 1314 1507 
35 228 355 548 612 675 868 995 1188 1315 1508 
36 229 356 549 613 676 869 996 1189 1316 1509 
37 230 357 550 614 677 870 997 1190 1317 1510 
38 231 358 551 615 678 871 998 1191 1318 1511 
39 232 359 552 616 679 872 999 1192 1319 1512 
40 233 360 553 617 680 873 1000 1193 1320 1513 
41 234 361 554 618 681 874 1001 1194 1321 1514 
42 235 362 555 619 682 875 1002 1195 1322 1515 
124 317 444 637 701 764 957 1084 1277 1404 1597 
125 318 445 638 702 765 958 1085 1278 1405 1598 
126 319 446 639 703 766 959 1086 1279 1406 1599 
127 256 447 576 640 767 896 1087 1216 1407 1536 
64 257 384 577 641 704 897 1024 1217 1344 1537 
65 258 385 578 642 705 898 1025 1218 1345 1538 
66 259 386 579 643 706 899 1026 1219 1346 1539 
67 260 387 580 644 707 900 1027 1220 1347 1540 
68 261 388 581 645 708 901 1028 1221 1348 1541 
69 262 389 582 646 709 902 1029 1222 1349 1542 
70 263 390 583 647 710 903 1030 1223 1350 1543 
71 264 391 584 648 711 904 1031 1224 1351 1544 
72 265 392 585 649 712 905 1032 1225 1352 1545 
73 266 393 586 650 713 906 1033 1226 1353 1546 
74 267 394 587 651 714 907 1034 1227 1354 1547 
75 268 395 588 652 715 908 1035 1228 1355 1548 
76 269 396 589 653 716 909 1036 1229 1356 1549 
77 270 397 590 654 717 910 1037 1230 1357 1550 
78 271 398 591 655 718 911 1038 1231 1358 1551 
79 272 399 592 656 719 912 1039 1232 1359 1552 
80 273 400 593 657 720 913 1040 1233 1360 1553 
81 274 401 594 658 721 914 1041 1234 1361 1554 
82 275 402 595 659 722 915 1042 1235 1362 1555 
83 276 403 596 660 723 916 1043 1236 1363 1556 
84 277 404 597 661 724 917 1044 1237 1364 1557 
85 278 405 598 662 725 918 1045 1238 1365 1558 
86 279 406 599 663 726 919 1046 1239 1366 1559 
87 280 407 600 664 727 920 1047 1240 1367 1560 
88 281 408 601 665 728 921 1048 1241 1368 1561 
89 282 409 602 666 729 922 1049 1242 1369 1562 
90 283 410 603 667 730 923 1050 1243 1370 1563 
91 284 411 604 668 731 924 1051 1244 1371 1564 
92 285 412 605 669 732 925 1052 1245 1372 1565 
93 286 413 606 670 733 926 1053 1246 1373 1566 
94 287 414 607 671 734 927 1054 1247 1374 1567 
95 288 415 608 672 735 928 1055 1248 1375 1568 
96 289 416 609 673 736 929 1056 1249 1376 1569 
97 290 417 610 674 737 930 1057 1250 1377 1570 
98 291 418 611 675 738 931 1058 1251 1378 1571 
99 292 419 612 676 739 932 1059 1252 1379 1572 
100 293 420 613 677 740 933 1060 1253 1380 1573 
101 294 421 614 678 741 934 1061 1254 1381 1574 
102 295 422 615 679 742 935 1062 1255 1382 1575 
103 296 423 616 680 743 936 1063 1256 1383 1576 
104 297 424 617 681 744 937 1064 1257 1384 1577 
105 298 425 618 682 745 938 1065 1258 1385 1578 
106 299 426 619 683 746 939 1066 1259 1386 1579 
107 300 427 620 684 747 940 1067 1260 1387 1580 
108 301 428 621 685 748 941 1068 1261 1388 1581 
109 302 429 622 686 749 942 1069 1262 1389 1582 
110 303 430 623 687 750 943 1070 1263 1390 1583 
111 304 431 624 688 751 944 1071 1264 1391 1584 
112 305 432 625 689 752 945 1072 1265 1392 1585 
113 306 433 626 690 753 946 1073 1266 1393 1586 
114 307 434 627 691 754 947 1074 1267 1394 1587 
115 308 435 628 692 755 948 1075 1268 1395 1588 
116 309 436 629 693 756 949 1076 1269 1396 1589 
117 310 437 630 694 757 950 1077 1270 1397 1590 
118 311 438 631 695 758 951 1078 1271 1398 1591 
119 312 439 632 696 759 952 1079 1272 1399 1592 
120 313 440 633 697 760 953 1080 1273 1400 1593 
121 314 441 634 698 761 954 1081 1274 1401 1594 
122 315 442 635 699 762 955 1082 1275 1402 1595 
123 316 443 636 700 763 956 1083 1276 1403 1596 
19 146 339 466 659 786 979 1043 1106 1299 1426 
20 147 340 467 660 787 980 1044 1107 1300 1427 
21 148 341 468 661 788 981 1045 1108 1301 1428 
22 149 342 469 662 789 982 1046 1109 1302 1429 
23 150 343 470 663 790 983 1047 1110 1303 1430 
24 151 344 471 664 791 984 1048 1111 1304 1431 
25 152 345 472 665 792 985 1049 1112 1305 1432 
26 153 346 473 666 793 986 1050 1113 1306 1433 
27 154 347 474 667 794 987 1051 1114 1307 1434 
28 155 348 475 668 795 988 1052 1115 1308 1435 
29 156 349 476 669 796 989 1053 1116 1309 1436 
30 157 350 477 670 797 990 1054 1117 1310 1437 
31 158 351 478 671 798 991 1055 1118 1311 1438 
32 159 352 479 672 799 992 1056 1119 1312 1439 
33 160 353 480 673 800 993 1057 1120 1313 1440 
34 161 354 481 674 801 994 1058 1121 1314 1441 
35 162 355 482 675 802 995 1059 1122 1315 1442 
36 163 356 483 676 803 996 1060 1123 1316 1443 
37 164 357 484 677 804 997 1061 1124 1317 1444 
38 165 358 485 678 805 998 1062 1125 1318 1445 
39 166 359 486 679 806 999 1063 1126 1319 1446 
40 167 360 487 680 807 1000 1064 1127 1320 1447 
41 168 361 488 681 808 1001 1065 1128 1321 1448 
42 169 362 489 682 809 1002 1066 1129 1322 1449 
43 170 363 490 683 810 1003 1067 1130 1323 1450 
44 171 364 491 684 811 1004 1068 1131 1324 1451 
45 172 365 492 685 812 1005 1069 1132 1325 1452 
46 173 366 493 686 813 1006 1070 1133 1326 1453 
47 174 367 494 687 814 1007 1071 1134 1327 1454 
48 175 368 495 688 815 1008 1072 1135 1328 1455 
49 176 369 496 689 816 1009 1073 1136 1329 1456 
50 177 370 497 690 817 1010 1074 1137 1330 1457 
51 178 371 498 691 818 1011 1075 1138 1331 1458 
52 179 372 499 692 819 1012 1076 1139 1332 1459 
53 180 373 500 693 820 1013 1077 1140 1333 1460 
54 181 374 501 694 821 1014 1078 1141 1334 1461 
55 182 375 502 695 822 1015 1079 1142 1335 1462 
56 183 376 503 696 823 1016 1080 1143 1336 1463 
57 184 377 504 697 824 1017 1081 1144 1337 1464 
58 185 378 505 698 825 1018 1082 1145 1338 1465 
59 186 379 506 699 826 1019 1083 1146 1339 1466 
60 187 380 507 700 827 1020 1084 1147 1340 1467 
61 188 381 508 701 828 1021 1085 1148 1341 1468 
62 189 382 509 702 829 1022 1086 1149 1342 1469 
63 190 383 510 703 830 1023 1087 1150 1343 1470 
0 191 320 511 640 831 960 1024 1151 1280 1471 
1 128 321 448 641 768 961 1025 1088 1281 1408 
2 129 322 449 642 769 962 1026 1089 1282 1409 
3 130 323 450 643 770 963 1027 1090 1283 1410 
4 131 324 451 644 771 964 1028 1091 1284 1411 
5 132 325 452 645 772 965 1029 1092 1285 1412 
6 133 326 453 646 773 966 1030 1093 1286 1413 
7 134 327 454 647 774 967 1031 1094 1287 1414 
8 135 328 455 648 775 968 1032 1095 1288 1415 
9 136 329 456 649 776 969 1033 1096 1289 1416 
10 137 330 457 650 777 970 1034 1097 1290 1417 
11 138 331 458 651 778 971 1035 1098 1291 1418 
12 139 332 459 652 779 972 1036 1099 1292 1419 
13 140 333 460 653 780 973 1037 1100 1293 1420 
14 141 334 461 654 781 974 1038 1101 1294 1421 
15 142 335 462 655 782 975 1039 1102 1295 1422 
16 143 336 463 656 783 976 1040 1103 1296 1423 
17 144 337 464 657 784 977 1041 1104 1297 1424 
18 145 338 465 658 785 978 1042 1105 1298 1425 
67 194 387 514 707 834 1027 1154 1347 1411 1474 
68 195 388 515 708 835 1028 1155 1348 1412 1475 
69 196 389 516 709 836 1029 1156 1349 1413 1476 
70 197 390 517 710 837 1030 1157 1350 1414 1477 
71 198 391 518 711 838 1031 1158 1351 1415 1478 
72 199 392 519 712 839 1032 1159 1352 1416 1479 
73 200 393 520 713 840 1033 1160 1353 1417 1480 
74 201 394 521 714 841 1034 1161 1354 1418 1481 
75 202 395 522 715 842 1035 1162 1355 1419 1482 
76 203 396 523 716 843 1036 1163 1356 1420 1483 
77 204 397 524 717 844 1037 1164 1357 1421 1484 
78 205 398 525 718 845 1038 1165 1358 1422 1485 
79 206 399 526 719 846 1039 1166 1359 1423 1486 
80 207 400 527 720 847 1040 1167 1360 1424 1487 
81 208 401 528 721 848 1041 1168 1361 1425 1488 
82 209 402 529 722 849 1042 1169 1362 1426 1489 
83 210 403 530 723 850 1043 1170 1363 1427 1490 
84 211 404 531 724 851 1044 1171 1364 1428 1491 
85 212 405 532 725 852 1045 1172 1365 1429 1492 
86 213 406 533 726 853 1046 1173 1366 1430 1493 
87 214 407 534 727 854 1047 1174 1367 1431 1494 
88 215 408 535 728 855 1048 1175 1368 1432 1495 
89 216 409 536 729 856 1049 1176 1369 1433 1496 
90 217 410 537 730 857 1050 1177 1370 1434 1497 
91 218 411 538 731 858 1051 1178 1371 1435 1498 
92 219 412 539 732 859 1052 1179 1372 1436 1499 
93 220 413 540 733 860 1053 1180 1373 1437 1500 
94 221 414 541 734 861 1054 1181 1374 1438 1501 
95 222 415 542 735 862 1055 1182 1375 1439 1502 
96 223 416 543 736 863 1056 1183 1376 1440 1503 
97 224 417 544 737 864 1057 1184 1377 1441 1504 
98 225 418 545 738 865 1058 1185 1378 1442 1505 
99 226 419 546 739 866 1059 1186 1379 1443 1506 
100 227 420 547 740 867 1060 1187 1380 1444 1507 
101 228 421 548 741 868 1061 1188 1381 1445 1508 
102 229 422 549 742 869 1062 1189 1382 1446 1509 
103 230 423 550 743 870 1063 1190 1383 1447 1510 
104 231 424 551 744 871 1064 1191 1384 1448 1511 
105 232 425 552 745 872 1065 1192 1385 1449 1512 
106 233 426 553 746 873 1066 1193 1386 1450 1513 
107 234 427 554 747 874 1067 1194 1387 1451 1514 
108 235 428 555 748 875 1068 1195 1388 1452 1515 
109 236 429 556 749 876 1069 1196 1389 1453 1516 
110 237 430 557 750 877 1070 1197 1390 1454 1517 
111 238 431 558 751 878 1071 1198 1391 1455 1518 
112 239 432 559 752 879 1072 1199 1392 1456 1519 
113 240 433 560 753 880 1073 1200 1393 1457 1520 
114 241 434 561 754 881 1074 1201 1394 1458 1521 
115 242 435 562 755 882 1075 1202 1395 1459 1522 
116 243 436 563 756 883 1076 1203 1396 1460 1523 
117 244 437 564 757 884 1077 1204 1397 1461 1524 
118 245 438 565 758 885 1078 1205 1398 1462 1525 
119 246 439 566 759 886 1079 1206 1399 1463 1526 
120 247 440 567 760 887 1080 1207 1400 1464 1527 
121 248 441 568 761 888 1081 1208 1401 1465 1528 
122 249 442 569 762 889 1082 1209 1402 1466 1529 
123 250 443 570 763 890 1083 1210 1403 1467 1530 
124 251 444 571 764 891 1084 1211 1404 1468 1531 
125 252 445 572 765 892 1085 1212 1405 1469 1532 
126 253 446 573 766 893 1086 1213 1406 1470 1533 
127 254 447 574 767 894 1087 1214 1407 1471 1534 
64 255 384 575 704 895 1024 1215 1344 1408 1535 
65 192 385 512 705 832 1025 1152 1345 1409 1472 
66 193 386 513 706 833 1026 1153 1346 1410 1473 
63 127 190 383 510 703 830 1023 1150 1343 1470 
0 64 191 320 511 640 831 960 1151 1280 1471 
1 65 128 321 448 641 768 961 1088 1281 1408 
2 66 129 322 449 642 769 962 1089 1282 1409 
3 67 130 323 450 643 770 963 1090 1283 1410 
4 68 131 324 451 644 771 964 1091 1284 1411 
5 69 132 325 452 645 772 965 1092 1285 1412 
6 70 133 326 453 646 773 966 1093 1286 1413 
7 71 134 327 454 647 774 967 1094 1287 1414 
8 72 135 328 455 648 775 968 1095 1288 1415 
9 73 136 329 456 649 776 969 1096 1289 1416 
10 74 137 330 457 650 777 970 1097 1290 1417 
11 75 138 331 458 651 778 971 1098 1291 1418 
12 76 139 332 459 652 779 972 1099 1292 1419 
13 77 140 333 460 653 780 973 1100 1293 1420 
14 78 141 334 461 654 781 974 1101 1294 1421 
15 79 142 335 462 655 782 975 1102 1295 1422 
16 80 143 336 463 656 783 976 1103 1296 1423 
17 81 144 337 464 657 784 977 1104 1297 1424 
18 82 145 338 465 658 785 978 1105 1298 1425 
19 83 146 339 466 659 786 979 1106 1299 1426 
20 84 147 340 467 660 787 980 1107 1300 1427 
21 85 148 341 468 661 788 981 1108 1301 1428 
22 86 149 342 469 662 789 982 1109 1302 1429 
23 87 150 343 470 663 790 983 1110 1303 1430 
24 88 151 344 471 664 791 984 1111 1304 1431 
25 89 152 345 472 665 792 985 1112 1305 1432 
26 90 153 346 473 666 793 986 1113 1306 1433 
27 91 154 347 474 667 794 987 1114 1307 1434 
28 92 155 348 475 668 795 988 1115 1308 1435 
29 93 156 349 476 669 796 989 1116 1309 1436 
30 94 157 350 477 670 797 990 1117 1310 1437 
31 95 158 351 478 671 798 991 1118 1311 1438 
32 96 159 352 479 672 799 992 1119 1312 1439 
33 97 160 353 480 673 800 993 1120 1313 1440 
34 98 161 354 481 674 801 994 1121 1314 1441 
35 99 162 355 482 675 802 995 1122 1315 1442 
36 100 163 356 483 676 803 996 1123 1316 1443 
37 101 164 357 484 677 804 997 1124 1317 1444 
38 102 165 358 485 678 805 998 1125 1318 1445 
39 103 166 359 486 679 806 999 1126 1319 1446 
40 104 167 360 487 680 807 1000 1127 1320 1447 
41 105 168 361 488 681 808 1001 1128 1321 1448 
42 106 169 362 489 682 809 1002 1129 1322 1449 
43 107 170 363 490 683 810 1003 1130 1323 1450 
44 108 171 364 491 684 811 1004 1131 1324 1451 
45 109 172 365 492 685 812 1005 1132 1325 1452 
46 110 173 366 493 686 813 1006 1133 1326 1453 
47 111 174 367 494 687 814 1007 1134 1327 1454 
48 112 175 368 495 688 815 1008 1135 1328 1455 
49 113 176 369 496 689 816 1009 1136 1329 1456 
50 114 177 370 497 690 817 1010 1137 1330 1457 
51 115 178 371 498 691 818 1011 1138 1331 1458 
52 116 179 372 499 692 819 1012 1139 1332 1459 
53 117 180 373 500 693 820 1013 1140 1333 1460 
54 118 181 374 501 694 821 1014 1141 1334 1461 
55 119 182 375 502 695 822 1015 1142 1335 1462 
56 120 183 376 503 696 823 1016 1143 1336 1463 
57 121 184 377 504 697 824 1017 1144 1337 1464 
58 122 185 378 505 698 825 1018 1145 1338 1465 
59 123 186 379 506 699 826 1019 1146 1339 1466 
60 124 187 380 507 700 827 1020 1147 1340 1467 
61 125 188 381 508 701 828 1021 1148 1341 1468 
62 126 189 382 509 702 829 1022 1149 1342 1469 
122 249 442 506 569 762 889 1082 1209 1402 1529 
123 250 443 507 570 763 890 1083 1210 1403 1530 
124 251 444 508 571 764 891 1084 1211 1404 1531 
125 252 445 509 572 765 892 1085 1212 1405 1532 
126 253 446 510 573 766 893 1086 1213 1406 1533 
127 254 447 511 574 767 894 1087 1214 1407 1534 
64 255 384 448 575 704 895 1024 1215 1344 1535 
65 192 385 449 512 705 832 1025 1152 1345 1472 
66 193 386 450 513 706 833 1026 1153 1346 1473 
67 194 387 451 514 707 834 1027 1154 1347 1474 
68 195 388 452 515 708 835 1028 1155 1348 1475 
69 196 389 453 516 709 836 1029 1156 1349 1476 
70 197 390 454 517 710 837 1030 1157 1350 1477 
71 198 391 455 518 711 838 1031 1158 1351 1478 
72 199 392 456 519 712 839 1032 1159 1352 1479 
73 200 393 457 520 713 840 1033 1160 1353 1480 
74 201 394 458 521 714 841 1034 1161 1354 1481 
75 202 395 459 522 715 842 1035 1162 1355 1482 
76 203 396 460 523 716 843 1036 1163 1356 1483 
77 204 397 461 524 717 844 1037 1164 1357 1484 
78 205 398 462 525 718 845 1038 1165 1358 1485 
79 206 399 463 526 719 846 1039 1166 1359 1486 
80 207 400 464 527 720 847 1040 1167 1360 1487 
81 208 401 465 528 721 848 1041 1168 1361 1488 
82 209 402 466 529 722 849 1042 1169 1362 1489 
83 210 403 467 530 723 850 1043 1170 1363 1490 
84 211 404 468 531 724 851 1044 1171 1364 1491 
85 212 405 469 532 725 852 1045 1172 1365 1492 
86 213 406 470 533 726 853 1046 1173 1366 1493 
87 214 407 471 534 727 854 1047 1174 1367 1494 
88 215 408 472 535 728 855 1048 1175 1368 1495 
89 216 409 473 536 729 856 1049 1176 1369 1496 
90 217 410 474 537 730 857 1050 1177 1370 1497 
91 218 411 475 538 731 858 1051 1178 1371 1498 
92 219 412 476 539 732 859 1052 1179 1372 1499 
93 220 413 477 540 733 860 1053 1180 1373 1500 
94 221 414 478 541 734 861 1054 1181 1374 1501 
95 222 415 479 542 735 862 1055 1182 1375 1502 
96 223 416 480 543 736 863 1056 1183 1376 1503 
97 224 417 481 544 737 864 1057 1184 1377 1504 
98 225 418 482 545 738 865 1058 1185 1378 1505 
99 226 419 483 546 739 866 1059 1186 1379 1506 
100 227 420 484 547 740 867 1060 1187 1380 1507 
101 228 421 485 548 741 868 1061 1188 1381 1508 
102 229 422 486 549 742 869 1062 1189 1382 1509 
103 230 423 487 550 743 870 1063 1190 1383 1510 
104 231 424 488 551 744 871 1064 1191 1384 1511 
105 232 425 489 552 745 872 1065 1192 1385 1512 
106 233 426 490 553 746 873 1066 1193 1386 1513 
107 234 427 491 554 747 874 1067 1194 1387 1514 
108 235 428 492 555 748 875 1068 1195 1388 1515 
109 236 429 493 556 749 876 1069 1196 1389 1516 
110 237 430 494 557 750 877 1070 1197 1390 1517 
111 238 431 495 558 751 878 1071 1198 1391 1518 
112 239 432 496 559 752 879 1072 1199 1392 1519 
113 240 433 497 560 753 880 1073 1200 1393 1520 
114 241 434 498 561 754 881 1074 1201 1394 1521 
115 242 435 499 562 755 882 1075 1202 1395 1522 
116 243 436 500 563 756 883 1076 1203 1396 1523 
117 244 437 501 564 757 884 1077 1204 1397 1524 
118 245 438 502 565 758 885 1078 1205 1398 1525 
119 246 439 503 566 759 886 1079 1206 1399 1526 
120 247 440 504 567 760 887 1080 1207 1400 1527 
121 248 441 505 568 761 888 1081 1208 1401 1528 
167 294 487 614 807 871 934 1127 1254 1447 1574 
168 295 488 615 808 872 935 1128 1255 1448 1575 
169 296 489 616 809 873 936 1129 1256 1449 1576 
170 297 490 617 810 874 937 1130 1257 1450 1577 
171 298 491 618 811 875 938 1131 1258 1451 1578 
172 299 492 619 812 876 939 1132 1259 1452 1579 
173 300 493 620 813 877 940 1133 1260 1453 1580 
174 301 494 621 814 878 941 1134 1261 1454 1581 
175 302 495 622 815 879 942 1135 1262 1455 1582 
176 303 496 623 816 880 943 1136 1263 1456 1583 
177 304 497 624 817 881 944 1137 1264 1457 1584 
178 305 498 625 818 882 945 1138 1265 1458 1585 
179 306 499 626 819 883 946 1139 1266 1459 1586 
180 307 500 627 820 884 947 1140 1267 1460 1587 
181 308 501 628 821 885 948 1141 1268 1461 1588 
182 309 502 629 822 886 949 1142 1269 1462 1589 
183 310 503 630 823 887 950 1143 1270 1463 1590 
184 311 504 631 824 888 951 1144 1271 1464 1591 
185 312 505 632 825 889 952 1145 1272 1465 1592 
186 313 506 633 826 890 953 1146 1273 1466 1593 
187 314 507 634 827 891 954 1147 1274 1467 1594 
188 315 508 635 828 892 955 1148 1275 1468 1595 
189 316 509 636 829 893 956 1149 1276 1469 1596 
190 317 510 637 830 894 957 1150 1277 1470 1597 
191 318 511 638 831 895 958 1151 1278 1471 1598 
128 319 448 639 768 832 959 1088 1279 1408 1599 
129 256 449 576 769 833 896 1089 1216 1409 1536 
130 257 450 577 770 834 897 1090 1217 1410 1537 
131 258 451 578 771 835 898 1091 1218 1411 1538 
132 259 452 579 772 836 899 1092 1219 1412 1539 
133 260 453 580 773 837 900 1093 1220 1413 1540 
134 261 454 581 774 838 901 1094 1221 1414 1541 
135 262 455 582 775 839 902 1095 1222 1415 1542 
136 263 456 583 776 840 903 1096 1223 1416 1543 
137 264 457 584 777 841 904 1097 1224 1417 1544 
138 265 458 585 778 842 905 1098 1225 1418 1545 
139 266 459 586 779 843 906 1099 1226 1419 1546 
140 267 460 587 780 844 907 1100 1227 1420 1547 
141 268 461 588 781 845 908 1101 1228 1421 1548 
142 269 462 589 782 846 909 1102 1229 1422 1549 
143 270 463 590 783 847 910 1103 1230 1423 1550 
144 271 464 591 784 848 911 1104 1231 1424 1551 
145 272 465 592 785 849 912 1105 1232 1425 1552 
146 273 466 593 786 850 913 1106 1233 1426 1553 
147 274 467 594 787 851 914 1107 1234 1427 1554 
148 275 468 595 788 852 915 1108 1235 1428 1555 
149 276 469 596 789 853 916 1109 1236 1429 1556 
150 277 470 597 790 854 917 1110 1237 1430 1557 
151 278 471 598 791 855 918 1111 1238 1431 1558 
152 279 472 599 792 856 919 1112 1239 1432 1559 
153 280 473 600 793 857 920 1113 1240 1433 1560 
154 281 474 601 794 858 921 1114 1241 1434 1561 
155 282 475 602 795 859 922 1115 1242 1435 1562 
156 283 476 603 796 860 923 1116 1243 1436 1563 
157 284 477 604 797 861 924 1117 1244 1437 1564 
158 285 478 605 798 862 925 1118 1245 1438 1565 
159 286 479 606 799 863 926 1119 1246 1439 1566 
160 287 480 607 800 864 927 1120 1247 1440 1567 
161 288 481 608 801 865 928 1121 1248 1441 1568 
162 289 482 609 802 866 929 1122 1249 1442 1569 
163 290 483 610 803 867 930 1123 1250 1443 1570 
164 291 484 611 804 868 931 1124 1251 1444 1571 
165 292 485 612 805 869 932 1125 1252 1445 1572 
166 293 486 613 806 870 933 1126 1253 1446 1573 
55 248 375 568 695 888 1015 1208 1272 1335 1528 
56 249 376 569 696 889 1016 1209 1273 1336 1529 
57 250 377 570 697 890 1017 1210 1274 1337 1530 
58 251 378 571 698 891 1018 1211 1275 1338 1531 
59 252 379 572 699 892 1019 1212 1276 1339 1532 
60 253 380 573 700 893 1020 1213 1277 1340 1533 
61 254 381 574 701 894 1021 1214 1278 1341 1534 
62 255 382 575 702 895 1022 1215 1279 1342 1535 
63 192 383 512 703 832 1023 1152 1216 1343 1472 
0 193 320 513 640 833 960 1153 1217 1280 1473 
1 194 321 514 641 834 961 1154 1218 1281 1474 
2 195 322 515 642 835 962 1155 1219 1282 1475 
3 196 323 516 643 836 963 1156 1220 1283 1476 
4 197 324 517 644 837 964 1157 1221 1284 1477 
5 198 325 518 645 838 965 1158 1222 1285 1478 
6 199 326 519 646 839 966 1159 1223 1286 1479 
7 200 327 520 647 840 967 1160 1224 1287 1480 
8 201 328 521 648 841 968 1161 1225 1288 1481 
9 202 329 522 649 842 969 1162 1226 1289 1482 
10 203 330 523 650 843 970 1163 1227 1290 1483 
11 204 331 524 651 844 971 1164 1228 1291 1484 
12 205 332 525 652 845 972 1165 1229 1292 1485 
13 206 333 526 653 846 973 1166 1230 1293 1486 
14 207 334 527 654 847 974 1167 1231 1294 1487 
15 208 335 528 655 848 975 1168 1232 1295 1488 
16 209 336 529 656 849 976 1169 1233 1296 1489 
17 210 337 530 657 850 977 1170 1234 1297 1490 
18 211 338 531 658 851 978 1171 1235 1298 1491 
19 212 339 532 659 852 979 1172 1236 1299 1492 
20 213 340 533 660 853 980 1173 1237 1300 1493 
21 214 341 534 661 854 981 1174 1238 1301 1494 
22 215 342 535 662 855 982 1175 1239 1302 1495 
23 216 343 536 663 856 983 1176 1240 1303 1496 
24 217 344 537 664 857 984 1177 1241 1304 1497 
25 218 345 538 665 858 985 1178 1242 1305 1498 
26 219 346 539 666 859 986 1179 1243 1306 1499 
27 220 347 540 667 860 987 1180 1244 1307 1500 
28 221 348 541 668 861 988 1181 1245 1308 1501 
29 222 349 542 669 862 989 1182 1246 1309 1502 
30 223 350 543 670 863 990 1183 1247 1310 1503 
31 224 351 544 671 864 991 1184 1248 1311 1504 
32 225 352 545 672 865 992 1185 1249 1312 1505 
33 226 353 546 673 866 993 1186 1250 1313 1506 
34 227 354 547 674 867 994 1187 1251 1314 1507 
35 228 355 548 675 868 995 1188 1252 1315 1508 
36 229 356 549 676 869 996 1189 1253 1316 1509 
37 230 357 550 677 870 997 1190 1254 1317 1510 
38 231 358 551 678 871 998 1191 1255 1318 1511 
39 232 359 552 679 872 999 1192 1256 1319 1512 
40 233 360 553 680 873 1000 1193 1257 1320 1513 
41 234 361 554 681 874 1001 1194 1258 1321 1514 
42 235 362 555 682 875 1002 1195 1259 1322 1515 
43 236 363 556 683 876 1003 1196 1260 1323 1516 
44 237 364 557 684 877 1004 1197 1261 1324 1517 
45 238 365 558 685 878 1005 1198 1262 1325 1518 
46 239 366 559 686 879 1006 1199 1263 1326 1519 
47 240 367 560 687 880 1007 1200 1264 1327 1520 
48 241 368 561 688 881 1008 1201 1265 1328 1521 
49 242 369 562 689 882 1009 1202 1266 1329 1522 
50 243 370 563 690 883 1010 1203 1267 1330 1523 
51 244 371 564 691 884 1011 1204 1268 1331 1524 
52 245 372 565 692 885 1012 1205 1269 1332 1525 
53 246 373 566 693 886 1013 1206 1270 1333 1526 
54 247 374 567 694 887 1014 1207 1271 1334 1527 
109 302 429 622 749 942 1069 1262 1326 1389 1582 
110 303 430 623 750 943 1070 1263 1327 1390 1583 
111 304 431 624 751 944 1071 1264 1328 1391 1584 
112 305 432 625 752 945 1072 1265 1329 1392 1585 
113 306 433 626 753 946 1073 1266 1330 1393 1586 
114 307 434 627 754 947 1074 1267 1331 1394 1587 
115 308 435 628 755 948 1075 1268 1332 1395 1588 
116 309 436 629 756 949 1076 1269 1333 1396 1589 
117 310 437 630 757 950 1077 1270 1334 1397 1590 
118 311 438 631 758 951 1078 1271 1335 1398 1591 
119 312 439 632 759 952 1079 1272 1336 1399 1592 
120 313 440 633 760 953 1080 1273 1337 1400 1593 
121 314 441 634 761 954 1081 1274 1338 1401 1594 
122 315 442 635 762 955 1082 1275 1339 1402 1595 
123 316 443 636 763 956 1083 1276 1340 1403 1596 
124 317 444 637 764 957 1084 1277 1341 1404 1597 
125 318 445 638 765 958 1085 1278 1342 1405 1598 
126 319 446 639 766 959 1086 1279 1343 1406 1599 
127 256 447 576 767 896 1087 1216 1280 1407 1536 
64 257 384 577 704 897 1024 1217 1281 1344 1537 
65 258 385 578 705 898 1025 1218 1282 1345 1538 
66 259 386 579 706 899 1026 1219 1283 1346 1539 
67 260 387 580 707 900 1027 1220 1284 1347 1540 
68 261 388 581 708 901 1028 1221 1285 1348 1541 
69 262 389 582 709 902 1029 1222 1286 1349 1542 
70 263 390 583 710 903 1030 1223 1287 1350 1543 
71 264 391 584 711 904 1031 1224 1288 1351 1544 
72 265 392 585 712 905 1032 1225 1289 1352 1545 
73 266 393 586 713 906 1033 1226 1290 1353 1546 
74 267 394 587 714 907 1034 1227 1291 1354 1547 
75 268 395 588 715 908 1035 1228 1292 1355 1548 
76 269 396 589 716 909 1036 1229 1293 1356 1549 
77 270 397 590 717 910 1037 1230 1294 1357 1550 
78 271 398 591 718 911 1038 1231 1295 1358 1551 
79 272 399 592 719 912 1039 1232 1296 1359 1552 
80 273 400 593 720 913 1040 1233 1297 1360 1553 
81 274 401 594 721 914 1041 1234 1298 1361 1554 
82 275 402 595 722 915 1042 1235 1299 1362 1555 
83 276 403 596 723 916 1043 1236 1300 1363 1556 
84 277 404 597 724 917 1044 1237 1301 1364 1557 
85 278 405 598 725 918 1045 1238 1302 1365 1558 
86 279 406 599 726 919 1046 1239 1303 1366 1559 
87 280 407 600 727 920 1047 1240 1304 1367 1560 
88 281 408 601 728 921 1048 1241 1305 1368 1561 
89 282 409 602 729 922 1049 1242 1306 1369 1562 
90 283 410 603 730 923 1050 1243 1307 1370 1563 
91 284 411 604 731 924 1051 1244 1308 1371 1564 
92 285 412 605 732 925 1052 1245 1309 1372 1565 
93 286 413 606 733 926 1053 1246 1310 1373 1566 
94 287 414 607 734 927 1054 1247 1311 1374 1567 
95 288 415 608 735 928 1055 1248 1312 1375 1568 
96 289 416 609 736 929 1056 1249 1313 1376 1569 
97 290 417 610 737 930 1057 1250 1314 1377 1570 
98 291 418 611 738 931 1058 1251 1315 1378 1571 
99 292 419 612 739 932 1059 1252 1316 1379 1572 
100 293 420 613 740 933 1060 1253 1317 1380 1573 
101 294 421 614 741 934 1061 1254 1318 1381 1574 
102 295 422 615 742 935 1062 1255 1319 1382 1575 
103 296 423 616 743 936 1063 1256 1320 1383 1576 
104 297 424 617 744 937 1064 1257 1321 1384 1577 
105 298 425 618 745 938 1065 1258 1322 1385 1578 
106 299 426 619 746 939 1066 1259 1323 1386 1579 
107 300 427 620 747 940 1067 1260 1324 1387 1580 
108 301 428 621 748 941 1068 1261 1325 1388 1581 
36 229 293 356 549 676 869 996 1189 1316 1509 
37 230 294 357 550 677 870 997 1190 1317 1510 
38 231 295 358 551 678 871 998 1191 1318 1511 
39 232 296 359 552 679 872 999 1192 1319 1512 
40 233 297 360 553 680 873 1000 1193 1320 1513 
41 234 298 361 554 681 874 1001 1194 1321 1514 
42 235 299 362 555 682 875 1002 1195 1322 1515 
43 236 300 363 556 683 876 1003 1196 1323 1516 
44 237 301 364 557 684 877 1004 1197 1324 1517 
45 238 302 365 558 685 878 1005 1198 1325 1518 
46 239 303 366 559 686 879 1006 1199 1326 1519 
47 240 304 367 560 687 880 1007 1200 1327 1520 
48 241 305 368 561 688 881 1008 1201 1328 1521 
49 242 306 369 562 689 882 1009 1202 1329 1522 
50 243 307 370 563 690 883 1010 1203 1330 1523 
51 244 308 371 564 691 884 1011 1204 1331 1524 
52 245 309 372 565 692 885 1012 1205 1332 1525 
53 246 310 373 566 693 886 1013 1206 1333 1526 
54 247 311 374 567 694 887 1014 1207 1334 1527 
55 248 312 375 568 695 888 1015 1208 1335 1528 
56 249 313 376 569 696 889 1016 1209 1336 1529 
57 250 314 377 570 697 890 1017 1210 1337 1530 
58 251 315 378 571 698 891 1018 1211 1338 1531 
59 252 316 379 572 699 892 1019 1212 1339 1532 
60 253 317 380 573 700 893 1020 1213 1340 1533 
61 254 318 381 574 701 894 1021 1214 1341 1534 
62 255 319 382 575 702 895 1022 1215 1342 1535 
63 192 256 383 512 703 832 1023 1152 1343 1472 
0 193 257 320 513 640 833 960 1153 1280 1473 
1 194 258 321 514 641 834 961 1154 1281 1474 
2 195 259 322 515 642 835 962 1155 1282 1475 
3 196 260 323 516 643 836 963 1156 1283 1476 
4 197 261 324 517 644 837 964 1157 1284 1477 
5 198 262 325 518 645 838 965 1158 1285 1478 
6 199 263 326 519 646 839 966 1159 1286 1479 
7 200 264 327 520 647 840 967 1160 1287 1480 
8 201 265 328 521 648 841 968 1161 1288 1481 
9 202 266 329 522 649 842 969 1162 1289 1482 
10 203 267 330 523 650 843 970 1163 1290 1483 
11 204 268 331 524 651 844 971 1164 1291 1484 
12 205 269 332 525 652 845 972 1165 1292 1485 
13 206 270 333 526 653 846 973 1166 1293 1486 
14 207 271 334 527 654 847 974 1167 1294 1487 
15 208 272 335 528 655 848 975 1168 1295 1488 
16 209 273 336 529 656 849 976 1169 1296 1489 
17 210 274 337 530 657 850 977 1170 1297 1490 
18 211 275 338 531 658 851 978 1171 1298 1491 
19 212 276 339 532 659 852 979 1172 1299 1492 
20 213 277 340 533 660 853 980 1173 1300 1493 
21 214 278 341 534 661 854 981 1174 1301 1494 
22 215 279 342 535 662 855 982 1175 1302 1495 
23 216 280 343 536 663 856 983 1176 1303 1496 
24 217 281 344 537 664 857 984 1177 1304 1497 
25 218 282 345 538 665 858 985 1178 1305 1498 
26 219 283 346 539 666 859 986 1179 1306 1499 
27 220 284 347 540 667 860 987 1180 1307 1500 
28 221 285 348 541 668 861 988 1181 1308 1501 
29 222 286 349 542 669 862 989 1182 1309 1502 
30 223 287 350 543 670 863 990 1183 1310 1503 
31 224 288 351 544 671 864 991 1184 1311 1504 
32 225 289 352 545 672 865 992 1185 1312 1505 
33 226 290 353 546 673 866 993 1186 1313 1506 
34 227 291 354 547 674 867 994 1187 1314 1507 
35 228 292 355 548 675 868 995 1188 1315 1508 
91 284 348 411 604 731 924 1051 1244 1371 1564 
92 285 349 412 605 732 925 1052 1245 1372 1565 
93 286 350 413 606 733 926 1053 1246 1373 1566 
94 287 351 414 607 734 927 1054 1247 1374 1567 
95 288 352 415 608 735 928 1055 1248 1375 1568 
96 289 353 416 609 736 929 1056 1249 1376 1569 
97 290 354 417 610 737 930 1057 1250 1377 1570 
98 291 355 418 611 738 931 1058 1251 1378 1571 
99 292 356 419 612 739 932 1059 1252 1379 1572 
100 293 357 420 613 740 933 1060 1253 1380 1573 
101 294 358 421 614 741 934 1061 1254 1381 1574 
102 295 359 422 615 742 935 1062 1255 1382 1575 
103 296 360 423 616 743 936 1063 1256 1383 1576 
104 297 361 424 617 744 937 1064 1257 1384 1577 
105 298 362 425 618 745 938 1065 1258 1385 1578 
106 299 363 426 619 746 939 1066 1259 1386 1579 
107 300 364 427 620 747 940 1067 1260 1387 1580 
108 301 365 428 621 748 941 1068 1261 1388 1581 
109 302 366 429 622 749 942 1069 1262 1389 1582 
110 303 367 430 623 750 943 1070 1263 1390 1583 
111 304 368 431 624 751 944 1071 1264 1391 1584 
112 305 369 432 625 752 945 1072 1265 1392 1585 
113 306 370 433 626 753 946 1073 1266 1393 1586 
114 307 371 434 627 754 947 1074 1267 1394 1587 
115 308 372 435 628 755 948 1075 1268 1395 1588 
116 309 373 436 629 756 949 1076 1269 1396 1589 
117 310 374 437 630 757 950 1077 1270 1397 1590 
118 311 375 438 631 758 951 1078 1271 1398 1591 
119 312 376 439 632 759 952 1079 1272 1399 1592 
120 313 377 440 633 760 953 1080 1273 1400 1593 
121 314 378 441 634 761 954 1081 1274 1401 1594 
122 315 379 442 635 762 955 1082 1275 1402 1595 
123 316 380 443 636 763 956 1083 1276 1403 1596 
124 317 381 444 637 764 957 1084 1277 1404 1597 
125 318 382 445 638 765 958 1085 1278 1405 1598 
126 319 383 446 639 766 959 1086 1279 1406 1599 
127 256 320 447 576 767 896 1087 1216 1407 1536 
64 257 321 384 577 704 897 1024 1217 1344 1537 
65 258 322 385 578 705 898 1025 1218 1345 1538 
66 259 323 386 579 706 899 1026 1219 1346 1539 
67 260 324 387 580 707 900 1027 1220 1347 1540 
68 261 325 388 581 708 901 1028 1221 1348 1541 
69 262 326 389 582 709 902 1029 1222 1349 1542 
70 263 327 390 583 710 903 1030 1223 1350 1543 
71 264 328 391 584 711 904 1031 1224 1351 1544 
72 265 329 392 585 712 905 1032 1225 1352 1545 
73 266 330 393 586 713 906 1033 1226 1353 1546 
74 267 331 394 587 714 907 1034 1227 1354 1547 
75 268 332 395 588 715 908 1035 1228 1355 1548 
76 269 333 396 589 716 909 1036 1229 1356 1549 
77 270 334 397 590 717 910 1037 1230 1357 1550 
78 271 335 398 591 718 911 1038 1231 1358 1551 
79 272 336 399 592 719 912 1039 1232 1359 1552 
80 273 337 400 593 720 913 1040 1233 1360 1553 
81 274 338 401 594 721 914 1041 1234 1361 1554 
82 275 339 402 595 722 915 1042 1235 1362 1555 
83 276 340 403 596 723 916 1043 1236 1363 1556 
84 277 341 404 597 724 917 1044 1237 1364 1557 
85 278 342 405 598 725 918 1045 1238 1365 1558 
86 279 343 406 599 726 919 1046 1239 1366 1559 
87 280 344 407 600 727 920 1047 1240 1367 1560 
88 281 345 408 601 728 921 1048 1241 1368 1561 
89 282 346 409 602 729 922 1049 1242 1369 1562 
90 283 347 410 603 730 923 1050 1243 1370 1563 
54 181 374 501 694 758 821 1014 1141 1334 1461 
55 182 375 502 695 759 822 1015 1142 1335 1462 
56 183 376 503 696 760 823 1016 1143 1336 1463 
57 184 377 504 697 761 824 1017 1144 1337 1464 
58 185 378 505 698 762 825 1018 1145 1338 1465 
59 186 379 506 699 763 826 1019 1146 1339 1466 
60 187 380 507 700 764 827 1020 1147 1340 1467 
61 188 381 508 701 765 828 1021 1148 1341 1468 
62 189 382 509 702 766 829 1022 1149 1342 1469 
63 190 383 510 703 767 830 1023 1150 1343 1470 
0 191 320 511 640 704 831 960 1151 1280 1471 
1 128 321 448 641 705 768 961 1088 1281 1408 
2 129 322 449 642 706 769 962 1089 1282 1409 
3 130 323 450 643 707 770 963 1090 1283 1410 
4 131 324 451 644 708 771 964 1091 1284 1411 
5 132 325 452 645 709 772 965 1092 1285 1412 
6 133 326 453 646 710 773 966 1093 1286 1413 
7 134 327 454 647 711 774 967 1094 1287 1414 
8 135 328 455 648 712 775 968 1095 1288 1415 
9 136 329 456 649 713 776 969 1096 1289 1416 
10 137 330 457 650 714 777 970 1097 1290 1417 
11 138 331 458 651 715 778 971 1098 1291 1418 
12 139 332 459 652 716 779 972 1099 1292 1419 
13 140 333 460 653 717 780 973 1100 1293 1420 
14 141 334 461 654 718 781 974 1101 1294 1421 
15 142 335 462 655 719 782 975 1102 1295 1422 
16 143 336 463 656 720 783 976 1103 1296 1423 
17 144 337 464 657 721 784 977 1104 1297 1424 
18 145 338 465 658 722 785 978 1105 1298 1425 
19 146 339 466 659 723 786 979 1106 1299 1426 
20 147 340 467 660 724 787 980 1107 1300 1427 
21 148 341 468 661 725 788 981 1108 1301 1428 
22 149 342 469 662 726 789 982 1109 1302 1429 
23 150 343 470 663 727 790 983 1110 1303 1430 
24 151 344 471 664 728 791 984 1111 1304 1431 
25 152 345 472 665 729 792 985 1112 1305 1432 
26 153 346 473 666 730 793 986 1113 1306 1433 
27 154 347 474 667 731 794 987 1114 1307 1434 
28 155 348 475 668 732 795 988 1115 1308 1435 
29 156 349 476 669 733 796 989 1116 1309 1436 
30 157 350 477 670 734 797 990 1117 1310 1437 
31 158 351 478 671 735 798 991 1118 1311 1438 
32 159 352 479 672 736 799 992 1119 1312 1439 
33 160 353 480 673 737 800 993 1120 1313 1440 
34 161 354 481 674 738 801 994 1121 1314 1441 
35 162 355 482 675 739 802 995 1122 1315 1442 
36 163 356 483 676 740 803 996 1123 1316 1443 
37 164 357 484 677 741 804 997 1124 1317 1444 
38 165 358 485 678 742 805 998 1125 1318 1445 
39 166 359 486 679 743 806 999 1126 1319 1446 
40 167 360 487 680 744 807 1000 1127 1320 1447 
41 168 361 488 681 745 808 1001 1128 1321 1448 
42 169 362 489 682 746 809 1002 1129 1322 1449 
43 170 363 490 683 747 810 1003 1130 1323 1450 
44 171 364 491 684 748 811 1004 1131 1324 1451 
45 172 365 492 685 749 812 1005 1132 1325 1452 
46 173 366 493 686 750 813 1006 1133 1326 1453 
47 174 367 494 687 751 814 1007 1134 1327 1454 
48 175 368 495 688 752 815 1008 1135 1328 1455 
49 176 369 496 689 753 816 1009 1136 1329 1456 
50 177 370 497 690 754 817 1010 1137 1330 1457 
51 178 371 498 691 755 818 1011 1138 1331 1458 
52 179 372 499 692 756 819 1012 1139 1332 1459 
53 180 373 500 693 757 820 1013 1140 1333 1460 
113 240 433 560 753 880 1073 1137 1200 1393 1520 
114 241 434 561 754 881 1074 1138 1201 1394 1521 
115 242 435 562 755 882 1075 1139 1202 1395 1522 
116 243 436 563 756 883 1076 1140 1203 1396 1523 
117 244 437 564 757 884 1077 1141 1204 1397 1524 
118 245 438 565 758 885 1078 1142 1205 1398 1525 
119 246 439 566 759 886 1079 1143 1206 1399 1526 
120 247 440 567 760 887 1080 1144 1207 1400 1527 
121 248 441 568 761 888 1081 1145 1208 1401 1528 
122 249 442 569 762 889 1082 1146 1209 1402 1529 
123 250 443 570 763 890 1083 1147 1210 1403 1530 
124 251 444 571 764 891 1084 1148 1211 1404 1531 
125 252 445 572 765 892 1085 1149 1212 1405 1532 
126 253 446 573 766 893 1086 1150 1213 1406 1533 
127 254 447 574 767 894 1087 1151 1214 1407 1534 
64 255 384 575 704 895 1024 1088 1215 1344 1535 
65 192 385 512 705 832 1025 1089 1152 1345 1472 
66 193 386 513 706 833 1026 1090 1153 1346 1473 
67 194 387 514 707 834 1027 1091 1154 1347 1474 
68 195 388 515 708 835 1028 1092 1155 1348 1475 
69 196 389 516 709 836 1029 1093 1156 1349 1476 
70 197 390 517 710 837 1030 1094 1157 1350 1477 
71 198 391 518 711 838 1031 1095 1158 1351 1478 
72 199 392 519 712 839 1032 1096 1159 1352 1479 
73 200 393 520 713 840 1033 1097 1160 1353 1480 
74 201 394 521 714 841 1034 1098 1161 1354 1481 
75 202 395 522 715 842 1035 1099 1162 1355 1482 
76 203 396 523 716 843 1036 1100 1163 1356 1483 
77 204 397 524 717 844 1037 1101 1164 1357 1484 
78 205 398 525 718 845 1038 1102 1165 1358 1485 
79 206 399 526 719 846 1039 1103 1166 1359 1486 
80 207 400 527 720 847 1040 1104 1167 1360 1487 
81 208 401 528 721 848 1041 1105 1168 1361 1488 
82 209 402 529 722 849 1042 1106 1169 1362 1489 
83 210 403 530 723 850 1043 1107 1170 1363 1490 
84 211 404 531 724 851 1044 1108 1171 1364 1491 
85 212 405 532 725 852 1045 1109 1172 1365 1492 
86 213 406 533 726 853 1046 1110 1173 1366 1493 
87 214 407 534 727 854 1047 1111 1174 1367 1494 
88 215 408 535 728 855 1048 1112 1175 1368 1495 
89 216 409 536 729 856 1049 1113 1176 1369 1496 
90 217 410 537 730 857 1050 1114 1177 1370 1497 
91 218 411 538 731 858 1051 1115 1178 1371 1498 
92 219 412 539 732 859 1052 1116 1179 1372 1499 
93 220 413 540 733 860 1053 1117 1180 1373 1500 
94 221 414 541 734 861 1054 1118 1181 1374 1501 
95 222 415 542 735 862 1055 1119 1182 1375 1502 
96 223 416 543 736 863 1056 1120 1183 1376 1503 
97 224 417 544 737 864 1057 1121 1184 1377 1504 
98 225 418 545 738 865 1058 1122 1185 1378 1505 
99 226 419 546 739 866 1059 1123 1186 1379 1506 
100 227 420 547 740 867 1060 1124 1187 1380 1507 
101 228 421 548 741 868 1061 1125 1188 1381 1508 
102 229 422 549 742 869 1062 1126 1189 1382 1509 
103 230 423 550 743 870 1063 1127 1190 1383 1510 
104 231 424 551 744 871 1064 1128 1191 1384 1511 
105 232 425 552 745 872 1065 1129 1192 1385 1512 
106 233 426 553 746 873 1066 1130 1193 1386 1513 
107 234 427 554 747 874 1067 1131 1194 1387 1514 
108 235 428 555 748 875 1068 1132 1195 1388 1515 
109 236 429 556 749 876 1069 1133 1196 1389 1516 
110 237 430 557 750 877 1070 1134 1197 1390 1517 
111 238 431 558 751 878 1071 1135 1198 1391 1518 
112 239 432 559 752 879 1072 1136 1199 1392 1519 
136 263 456 583 776 903 1096 1223 1416 1480 1543 
137 264 457 584 777 904 1097 1224 1417 1481 1544 
138 265 458 585 778 905 1098 1225 1418 1482 1545 
139 266 459 586 779 906 1099 1226 1419 1483 1546 
140 267 460 587 780 907 1100 1227 1420 1484 1547 
141 268 461 588 781 908 1101 1228 1421 1485 1548 
142 269 462 589 782 909 1102 1229 1422 1486 1549 
143 270 463 590 783 910 1103 1230 1423 1487 1550 
144 271 464 591 784 911 1104 1231 1424 1488 1551 
145 272 465 592 785 912 1105 1232 1425 1489 1552 
146 273 466 593 786 913 1106 1233 1426 1490 1553 
147 274 467 594 787 914 1107 1234 1427 1491 1554 
148 275 468 595 788 915 1108 1235 1428 1492 1555 
149 276 469 596 789 916 1109 1236 1429 1493 1556 
150 277 470 597 790 917 1110 1237 1430 1494 1557 
151 278 471 598 791 918 1111 1238 1431 1495 1558 
152 279 472 599 792 919 1112 1239 1432 1496 1559 
153 280 473 600 793 920 1113 1240 1433 1497 1560 
154 281 474 601 794 921 1114 1241 1434 1498 1561 
155 282 475 602 795 922 1115 1242 1435 1499 1562 
156 283 476 603 796 923 1116 1243 1436 1500 1563 
157 284 477 604 797 924 1117 1244 1437 1501 1564 
158 285 478 605 798 925 1118 1245 1438 1502 1565 
159 286 479 606 799 926 1119 1246 1439 1503 1566 
160 287 480 607 800 927 1120 1247 1440 1504 1567 
161 288 481 608 801 928 1121 1248 1441 1505 1568 
162 289 482 609 802 929 1122 1249 1442 1506 1569 
163 290 483 610 803 930 1123 1250 1443 1507 1570 
164 291 484 611 804 931 1124 1251 1444 1508 1571 
165 292 485 612 805 932 1125 1252 1445 1509 1572 
166 293 486 613 806 933 1126 1253 1446 1510 1573 
167 294 487 614 807 934 1127 1254 1447 1511 1574 
168 295 488 615 808 935 1128 1255 1448 1512 1575 
169 296 489 616 809 936 1129 1256 1449 1513 1576 
170 297 490 617 810 937 1130 1257 1450 1514 1577 
171 298 491 618 811 938 1131 1258 1451 1515 1578 
172 299 492 619 812 939 1132 1259 1452 1516 1579 
173 300 493 620 813 940 1133 1260 1453 1517 1580 
174 301 494 621 814 941 1134 1261 1454 1518 1581 
175 302 495 622 815 942 1135 1262 1455 1519 1582 
176 303 496 623 816 943 1136 1263 1456 1520 1583 
177 304 497 624 817 944 1137 1264 1457 1521 1584 
178 305 498 625 818 945 1138 1265 1458 1522 1585 
179 306 499 626 819 946 1139 1266 1459 1523 1586 
180 307 500 627 820 947 1140 1267 1460 1524 1587 
181 308 501 628 821 948 1141 1268 1461 1525 1588 
182 309 502 629 822 949 1142 1269 1462 1526 1589 
183 310 503 630 823 950 1143 1270 1463 1527 1590 
184 311 504 631 824 951 1144 1271 1464 1528 1591 
185 312 505 632 825 952 1145 1272 1465 1529 1592 
186 313 506 633 826 953 1146 1273 1466 1530 1593 
187 314 507 634 827 954 1147 1274 1467 1531 1594 
188 315 508 635 828 955 1148 1275 1468 1532 1595 
189 316 509 636 829 956 1149 1276 1469 1533 1596 
190 317 510 637 830 957 1150 1277 1470 1534 1597 
191 318 511 638 831 958 1151 1278 1471 1535 1598 
128 319 448 639 768 959 1088 1279 1408 1472 1599 
129 256 449 576 769 896 1089 1216 1409 1473 1536 
130 257 450 577 770 897 1090 1217 1410 1474 1537 
131 258 451 578 771 898 1091 1218 1411 1475 1538 
132 259 452 579 772 899 1092 1219 1412 1476 1539 
133 260 453 580 773 900 1093 1220 1413 1477 1540 
134 261 454 581 774 901 1094 1221 1414 1478 1541 
135 262 455 582 775 902 1095 1222 1415 1479 1542 
66 130 193 386 513 706 833 1026 1153 1346 1473 
67 131 194 387 514 707 834 1027 1154 1347 1474 
68 132 195 388 515 708 835 1028 1155 1348 1475 
69 133 196 389 516 709 836 1029 1156 1349 1476 
70 134 197 390 517 710 837 1030 1157 1350 1477 
71 135 198 391 518 711 838 1031 1158 1351 1478 
72 136 199 392 519 712 839 1032 1159 1352 1479 
73 137 200 393 520 713 840 1033 1160 1353 1480 
74 138 201 394 521 714 841 1034 1161 1354 1481 
75 139 202 395 522 715 842 1035 1162 1355 1482 
76 140 203 396 523 716 843 1036 1163 1356 1483 
77 141 204 397 524 717 844 1037 1164 1357 1484 
78 142 205 398 525 718 845 1038 1165 1358 1485 
79 143 206 399 526 719 846 1039 1166 1359 1486 
80 144 207 400 527 720 847 1040 1167 1360 1487 
81 145 208 401 528 721 848 1041 1168 1361 1488 
82 146 209 402 529 722 849 1042 1169 1362 1489 
83 147 210 403 530 723 850 1043 1170 1363 1490 
84 148 211 404 531 724 851 1044 1171 1364 1491 
85 149 212 405 532 725 852 1045 1172 1365 1492 
86 150 213 406 533 726 853 1046 1173 1366 1493 
87 151 214 407 534 727 854 1047 1174 1367 1494 
88 152 215 408 535 728 855 1048 1175 1368 1495 
89 153 216 409 536 729 856 1049 1176 1369 1496 
90 154 217 410 537 730 857 1050 1177 1370 1497 
91 155 218 411 538 731 858 1051 1178 1371 1498 
92 156 219 412 539 732 859 1052 1179 1372 1499 
93 157 220 413 540 733 860 1053 1180 1373 1500 
94 158 221 414 541 734 861 1054 1181 1374 1501 
95 159 222 415 542 735 862 1055 1182 1375 1502 
96 160 223 416 543 736 863 1056 1183 1376 1503 
97 161 224 417 544 737 864 1057 1184 1377 1504 
98 162 225 418 545 738 865 1058 1185 1378 1505 
99 163 226 419 546 739 866 1059 1186 1379 1506 
100 164 227 420 547 740 867 1060 1187 1380 1507 
101 165 228 421 548 741 868 1061 1188 1381 1508 
102 166 229 422 549 742 869 1062 1189 1382 1509 
103 167 230 423 550 743 870 1063 1190 1383 1510 
104 168 231 424 551 744 871 1064 1191 1384 1511 
105 169 232 425 552 745 872 1065 1192 1385 1512 
106 170 233 426 553 746 873 1066 1193 1386 1513 
107 171 234 427 554 747 874 1067 1194 1387 1514 
108 172 235 428 555 748 875 1068 1195 1388 1515 
109 173 236 429 556 749 876 1069 1196 1389 1516 
110 174 237 430 557 750 877 1070 1197 1390 1517 
111 175 238 431 558 751 878 1071 1198 1391 1518 
112 176 239 432 559 752 879 1072 1199 1392 1519 
113 177 240 433 560 753 880 1073 1200 1393 1520 
114 178 241 434 561 754 881 1074 1201 1394 1521 
115 179 242 435 562 755 882 1075 1202 1395 1522 
116 180 243 436 563 756 883 1076 1203 1396 1523 
117 181 244 437 564 757 884 1077 1204 1397 1524 
118 182 245 438 565 758 885 1078 1205 1398 1525 
119 183 246 439 566 759 886 1079 1206 1399 1526 
120 184 247 440 567 760 887 1080 1207 1400 1527 
121 185 248 441 568 761 888 1081 1208 1401 1528 
122 186 249 442 569 762 889 1082 1209 1402 1529 
123 187 250 443 570 763 890 1083 1210 1403 1530 
124 188 251 444 571 764 891 1084 1211 1404 1531 
125 189 252 445 572 765 892 1085 1212 1405 1532 
126 190 253 446 573 766 893 1086 1213 1406 1533 
127 191 254 447 574 767 894 1087 1214 1407 1534 
64 128 255 384 575 704 895 1024 1215 1344 1535 
65 129 192 385 512 705 832 1025 1152 1345 1472 
137 264 457 521 584 777 904 1097 1224 1417 1544 
138 265 458 522 585 778 905 1098 1225 1418 1545 
139 266 459 523 586 779 906 1099 1226 1419 1546 
140 267 460 524 587 780 907 1100 1227 1420 1547 
141 268 461 525 588 781 908 1101 1228 1421 1548 
142 269 462 526 589 782 909 1102 1229 1422 1549 
143 270 463 527 590 783 910 1103 1230 1423 1550 
144 271 464 528 591 784 911 1104 1231 1424 1551 
145 272 465 529 592 785 912 1105 1232 1425 1552 
146 273 466 530 593 786 913 1106 1233 1426 1553 
147 274 467 531 594 787 914 1107 1234 1427 1554 
148 275 468 532 595 788 915 1108 1235 1428 1555 
149 276 469 533 596 789 916 1109 1236 1429 1556 
150 277 470 534 597 790 917 1110 1237 1430 1557 
151 278 471 535 598 791 918 1111 1238 1431 1558 
152 279 472 536 599 792 919 1112 1239 1432 1559 
153 280 473 537 600 793 920 1113 1240 1433 1560 
154 281 474 538 601 794 921 1114 1241 1434 1561 
155 282 475 539 602 795 922 1115 1242 1435 1562 
156 283 476 540 603 796 923 1116 1243 1436 1563 
157 284 477 541 604 797 924 1117 1244 1437 1564 
158 285 478 542 605 798 925 1118 1245 1438 1565 
159 286 479 543 606 799 926 1119 1246 1439 1566 
160 287 480 544 607 800 927 1120 1247 1440 1567 
161 288 481 545 608 801 928 1121 1248 1441 1568 
162 289 482 546 609 802 929 1122 1249 1442 1569 
163 290 483 547 610 803 930 1123 1250 1443 1570 
164 291 484 548 611 804 931 1124 1251 1444 1571 
165 292 485 549 612 805 932 1125 1252 1445 1572 
166 293 486 550 613 806 933 1126 1253 1446 1573 
167 294 487 551 614 807 934 1127 1254 1447 1574 
168 295 488 552 615 808 935 1128 1255 1448 1575 
169 296 489 553 616 809 936 1129 1256 1449 1576 
170 297 490 554 617 810 937 1130 1257 1450 1577 
171 298 491 555 618 811 938 1131 1258 1451 1578 
172 299 492 556 619 812 939 1132 1259 1452 1579 
173 300 493 557 620 813 940 1133 1260 1453 1580 
174 301 494 558 621 814 941 1134 1261 1454 1581 
175 302 495 559 622 815 942 1135 1262 1455 1582 
176 303 496 560 623 816 943 1136 1263 1456 1583 
177 304 497 561 624 817 944 1137 1264 1457 1584 
178 305 498 562 625 818 945 1138 1265 1458 1585 
179 306 499 563 626 819 946 1139 1266 1459 1586 
180 307 500 564 627 820 947 1140 1267 1460 1587 
181 308 501 565 628 821 948 1141 1268 1461 1588 
182 309 502 566 629 822 949 1142 1269 1462 1589 
183 310 503 567 630 823 950 1143 1270 1463 1590 
184 311 504 568 631 824 951 1144 1271 1464 1591 
185 312 505 569 632 825 952 1145 1272 1465 1592 
186 313 506 570 633 826 953 1146 1273 1466 1593 
187 314 507 571 634 827 954 1147 1274 1467 1594 
188 315 508 572 635 828 955 1148 1275 1468 1595 
189 316 509 573 636 829 956 1149 1276 1469 1596 
190 317 510 574 637 830 957 1150 1277 1470 1597 
191 318 511 575 638 831 958 1151 1278 1471 1598 
128 319 448 512 639 768 959 1088 1279 1408 1599 
129 256 449 513 576 769 896 1089 1216 1409 1536 
130 257 450 514 577 770 897 1090 1217 1410 1537 
131 258 451 515 578 771 898 1091 1218 1411 1538 
132 259 452 516 579 772 899 1092 1219 1412 1539 
133 260 453 517 580 773 900 1093 1220 1413 1540 
134 261 454 518 581 774 901 1094 1221 1414 1541 
135 262 455 519 582 775 902 1095 1222 1415 1542 
136 263 456 520 583 776 903 1096 1223 1416 1543 
24 217 344 537 664 857 921 984 1177 1304 1497 
25 218 345 538 665 858 922 985 1178 1305 1498 
26 219 346 539 666 859 923 986 1179 1306 1499 
27 220 347 540 667 860 924 987 1180 1307 1500 
28 221 348 541 668 861 925 988 1181 1308 1501 
29 222 349 542 669 862 926 989 1182 1309 1502 
30 223 350 543 670 863 927 990 1183 1310 1503 
31 224 351 544 671 864 928 991 1184 1311 1504 
32 225 352 545 672 865 929 992 1185 1312 1505 
33 226 353 546 673 866 930 993 1186 1313 1506 
34 227 354 547 674 867 931 994 1187 1314 1507 
35 228 355 548 675 868 932 995 1188 1315 1508 
36 229 356 549 676 869 933 996 1189 1316 1509 
37 230 357 550 677 870 934 997 1190 1317 1510 
38 231 358 551 678 871 935 998 1191 1318 1511 
39 232 359 552 679 872 936 999 1192 1319 1512 
40 233 360 553 680 873 937 1000 1193 1320 1513 
41 234 361 554 681 874 938 1001 1194 1321 1514 
42 235 362 555 682 875 939 1002 1195 1322 1515 
43 236 363 556 683 876 940 1003 1196 1323 1516 
44 237 364 557 684 877 941 1004 1197 1324 1517 
45 238 365 558 685 878 942 1005 1198 1325 1518 
46 239 366 559 686 879 943 1006 1199 1326 1519 
47 240 367 560 687 880 944 1007 1200 1327 1520 
48 241 368 561 688 881 945 1008 1201 1328 1521 
49 242 369 562 689 882 946 1009 1202 1329 1522 
50 243 370 563 690 883 947 1010 1203 1330 1523 
51 244 371 564 691 884 948 1011 1204 1331 1524 
52 245 372 565 692 885 949 1012 1205 1332 1525 
53 246 373 566 693 886 950 1013 1206 1333 1526 
54 247 374 567 694 887 951 1014 1207 1334 1527 
55 248 375 568 695 888 952 1015 1208 1335 1528 
56 249 376 569 696 889 953 1016 1209 1336 1529 
57 250 377 570 697 890 954 1017 1210 1337 1530 
58 251 378 571 698 891 955 1018 1211 1338 1531 
59 252 379 572 699 892 956 1019 1212 1339 1532 
60 253 380 573 700 893 957 1020 1213 1340 1533 
61 254 381 574 701 894 958 1021 1214 1341 1534 
62 255 382 575 702 895 959 1022 1215 1342 1535 
63 192 383 512 703 832 896 1023 1152 1343 1472 
0 193 320 513 640 833 897 960 1153 1280 1473 
1 194 321 514 641 834 898 961 1154 1281 1474 
2 195 322 515 642 835 899 962 1155 1282 1475 
3 196 323 516 643 836 900 963 1156 1283 1476 
4 197 324 517 644 837 901 964 1157 1284 1477 
5 198 325 518 645 838 902 965 1158 1285 1478 
6 199 326 519 646 839 903 966 1159 1286 1479 
7 200 327 520 647 840 904 967 1160 1287 1480 
8 201 328 521 648 841 905 968 1161 1288 1481 
9 202 329 522 649 842 906 969 1162 1289 1482 
10 203 330 523 650 843 907 970 1163 1290 1483 
11 204 331 524 651 844 908 971 1164 1291 1484 
12 205 332 525 652 845 909 972 1165 1292 1485 
13 206 333 526 653 846 910 973 1166 1293 1486 
14 207 334 527 654 847 911 974 1167 1294 1487 
15 208 335 528 655 848 912 975 1168 1295 1488 
16 209 336 529 656 849 913 976 1169 1296 1489 
17 210 337 530 657 850 914 977 1170 1297 1490 
18 211 338 531 658 851 915 978 1171 1298 1491 
19 212 339 532 659 852 916 979 1172 1299 1492 
20 213 340 533 660 853 917 980 1173 1300 1493 
21 214 341 534 661 854 918 981 1174 1301 1494 
22 215 342 535 662 855 919 982 1175 1302 1495 
23 216 343 536 663 856 920 983 1176 1303 1496 
86 279 406 599 726 919 983 1046 1239 1366 1559 
87 280 407 600 727 920 984 1047 1240 1367 1560 
88 281 408 601 728 921 985 1048 1241 1368 1561 
89 282 409 602 729 922 986 1049 1242 1369 1562 
90 283 410 603 730 923 987 1050 1243 1370 1563 
91 284 411 604 731 924 988 1051 1244 1371 1564 
92 285 412 605 732 925 989 1052 1245 1372 1565 
93 286 413 606 733 926 990 1053 1246 1373 1566 
94 287 414 607 734 927 991 1054 1247 1374 1567 
95 288 415 608 735 928 992 1055 1248 1375 1568 
96 289 416 609 736 929 993 1056 1249 1376 1569 
97 290 417 610 737 930 994 1057 1250 1377 1570 
98 291 418 611 738 931 995 1058 1251 1378 1571 
99 292 419 612 739 932 996 1059 1252 1379 1572 
100 293 420 613 740 933 997 1060 1253 1380 1573 
101 294 421 614 741 934 998 1061 1254 1381 1574 
102 295 422 615 742 935 999 1062 1255 1382 1575 
103 296 423 616 743 936 1000 1063 1256 1383 1576 
104 297 424 617 744 937 1001 1064 1257 1384 1577 
105 298 425 618 745 938 1002 1065 1258 1385 1578 
106 299 426 619 746 939 1003 1066 1259 1386 1579 
107 300 427 620 747 940 1004 1067 1260 1387 1580 
108 301 428 621 748 941 1005 1068 1261 1388 1581 
109 302 429 622 749 942 1006 1069 1262 1389 1582 
110 303 430 623 750 943 1007 1070 1263 1390 1583 
111 304 431 624 751 944 1008 1071 1264 1391 1584 
112 305 432 625 752 945 1009 1072 1265 1392 1585 
113 306 433 626 753 946 1010 1073 1266 1393 1586 
114 307 434 627 754 947 1011 1074 1267 1394 1587 
115 308 435 628 755 948 1012 1075 1268 1395 1588 
116 309 436 629 756 949 1013 1076 1269 1396 1589 
117 310 437 630 757 950 1014 1077 1270 1397 1590 
118 311 438 631 758 951 1015 1078 1271 1398 1591 
119 312 439 632 759 952 1016 1079 1272 1399 1592 
120 313 440 633 760 953 1017 1080 1273 1400 1593 
121 314 441 634 761 954 1018 1081 1274 1401 1594 
122 315 442 635 762 955 1019 1082 1275 1402 1595 
123 316 443 636 763 956 1020 1083 1276 1403 1596 
124 317 444 637 764 957 1021 1084 1277 1404 1597 
125 318 445 638 765 958 1022 1085 1278 1405 1598 
126 319 446 639 766 959 1023 1086 1279 1406 1599 
127 256 447 576 767 896 960 1087 1216 1407 1536 
64 257 384 577 704 897 961 1024 1217 1344 1537 
65 258 385 578 705 898 962 1025 1218 1345 1538 
66 259 386 579 706 899 963 1026 1219 1346 1539 
67 260 387 580 707 900 964 1027 1220 1347 1540 
68 261 388 581 708 901 965 1028 1221 1348 1541 
69 262 389 582 709 902 966 1029 1222 1349 1542 
70 263 390 583 710 903 967 1030 1223 1350 1543 
71 264 391 584 711 904 968 1031 1224 1351 1544 
72 265 392 585 712 905 969 1032 1225 1352 1545 
73 266 393 586 713 906 970 1033 1226 1353 1546 
74 267 394 587 714 907 971 1034 1227 1354 1547 
75 268 395 588 715 908 972 1035 1228 1355 1548 
76 269 396 589 716 909 973 1036 1229 1356 1549 
77 270 397 590 717 910 974 1037 1230 1357 1550 
78 271 398 591 718 911 975 1038 1231 1358 1551 
79 272 399 592 719 912 976 1039 1232 1359 1552 
80 273 400 593 720 913 977 1040 1233 1360 1553 
81 274 401 594 721 914 978 1041 1234 1361 1554 
82 275 402 595 722 915 979 1042 1235 1362 1555 
83 276 403 596 723 916 980 1043 1236 1363 1556 
84 277 404 597 724 917 981 1044 1237 1364 1557 
85 278 405 598 725 918 982 1045 1238 1365 1558 
62 189 382 509 702 829 1022 1149 1342 1406 1469 
63 190 383 510 703 830 1023 1150 1343 1407 1470 
0 191 320 511 640 831 960 1151 1280 1344 1471 
1 128 321 448 641 768 961 1088 1281 1345 1408 
2 129 322 449 642 769 962 1089 1282 1346 1409 
3 130 323 450 643 770 963 1090 1283 1347 1410 
4 131 324 451 644 771 964 1091 1284 1348 1411 
5 132 325 452 645 772 965 1092 1285 1349 1412 
6 133 326 453 646 773 966 1093 1286 1350 1413 
7 134 327 454 647 774 967 1094 1287 1351 1414 
8 135 328 455 648 775 968 1095 1288 1352 1415 
9 136 329 456 649 776 969 1096 1289 1353 1416 
10 137 330 457 650 777 970 1097 1290 1354 1417 
11 138 331 458 651 778 971 1098 1291 1355 1418 
12 139 332 459 652 779 972 1099 1292 1356 1419 
13 140 333 460 653 780 973 1100 1293 1357 1420 
14 141 334 461 654 781 974 1101 1294 1358 1421 
15 142 335 462 655 782 975 1102 1295 1359 1422 
16 143 336 463 656 783 976 1103 1296 1360 1423 
17 144 337 464 657 784 977 1104 1297 1361 1424 
18 145 338 465 658 785 978 1105 1298 1362 1425 
19 146 339 466 659 786 979 1106 1299 1363 1426 
20 147 340 467 660 787 980 1107 1300 1364 1427 
21 148 341 468 661 788 981 1108 1301 1365 1428 
22 149 342 469 662 789 982 1109 1302 1366 1429 
23 150 343 470 663 790 983 1110 1303 1367 1430 
24 151 344 471 664 791 984 1111 1304 1368 1431 
25 152 345 472 665 792 985 1112 1305 1369 1432 
26 153 346 473 666 793 986 1113 1306 1370 1433 
27 154 347 474 667 794 987 1114 1307 1371 1434 
28 155 348 475 668 795 988 1115 1308 1372 1435 
29 156 349 476 669 796 989 1116 1309 1373 1436 
30 157 350 477 670 797 990 1117 1310 1374 1437 
31 158 351 478 671 798 991 1118 1311 1375 1438 
32 159 352 479 672 799 992 1119 1312 1376 1439 
33 160 353 480 673 800 993 1120 1313 1377 1440 
34 161 354 481 674 801 994 1121 1314 1378 1441 
35 162 355 482 675 802 995 1122 1315 1379 1442 
36 163 356 483 676 803 996 1123 1316 1380 1443 
37 164 357 484 677 804 997 1124 1317 1381 1444 
38 165 358 485 678 805 998 1125 1318 1382 1445 
39 166 359 486 679 806 999 1126 1319 1383 1446 
40 167 360 487 680 807 1000 1127 1320 1384 1447 
41 168 361 488 681 808 1001 1128 1321 1385 1448 
42 169 362 489 682 809 1002 1129 1322 1386 1449 
43 170 363 490 683 810 1003 1130 1323 1387 1450 
44 171 364 491 684 811 1004 1131 1324 1388 1451 
45 172 365 492 685 812 1005 1132 1325 1389 1452 
46 173 366 493 686 813 1006 1133 1326 1390 1453 
47 174 367 494 687 814 1007 1134 1327 1391 1454 
48 175 368 495 688 815 1008 1135 1328 1392 1455 
49 176 369 496 689 816 1009 1136 1329 1393 1456 
50 177 370 497 690 817 1010 1137 1330 1394 1457 
51 178 371 498 691 818 1011 1138 1331 1395 1458 
52 179 372 499 692 819 1012 1139 1332 1396 1459 
53 180 373 500 693 820 1013 1140 1333 1397 1460 
54 181 374 501 694 821 1014 1141 1334 1398 1461 
55 182 375 502 695 822 1015 1142 1335 1399 1462 
56 183 376 503 696 823 1016 1143 1336 1400 1463 
57 184 377 504 697 824 1017 1144 1337 1401 1464 
58 185 378 505 698 825 1018 1145 1338 1402 1465 
59 186 379 506 699 826 1019 1146 1339 1403 1466 
60 187 380 507 700 827 1020 1147 1340 1404 1467 
61 188 381 508 701 828 1021 1148 1341 1405 1468 
